1.403200000000000003e-01
1.280799999999999994e-01
8.869000000000000494e-02
1.390000000000000124e-01
1.336199999999999888e-01
1.195100000000000051e-01
1.570300000000000029e-01
1.037099999999999966e-01
1.690399999999999958e-01
1.690300000000000136e-01
1.759300000000000030e-01
1.031799999999999939e-01
1.154400000000000009e-01
1.244699999999999973e-01
1.223800000000000027e-01
1.693000000000000060e-01
7.947999999999999510e-02
1.431800000000000017e-01
1.202300000000000035e-01
1.598799999999999943e-01
1.032900000000000068e-01
1.259099999999999941e-01
1.130800000000000000e-01
1.352399999999999991e-01
1.153600000000000042e-01
1.479499999999999982e-01
1.093299999999999966e-01
1.696499999999999952e-01
1.518799999999999872e-01
1.648300000000000043e-01
1.341100000000000070e-01
1.000000000000000056e-01
2.234500000000000097e-01
1.139600000000000057e-01
1.091799999999999993e-01
1.451800000000000035e-01
1.073699999999999932e-01
1.005500000000000005e-01
1.577800000000000036e-01
1.330399999999999916e-01
1.519600000000000117e-01
1.431499999999999995e-01
1.441000000000000059e-01
1.258599999999999997e-01
9.508999999999999397e-02
1.598700000000000121e-01
1.313000000000000000e-01
1.318300000000000027e-01
1.239100000000000062e-01
1.554999999999999993e-01
1.278499999999999914e-01
1.327099999999999946e-01
1.436999999999999944e-01
1.162699999999999984e-01
1.451900000000000135e-01
9.898999999999999466e-02
1.355500000000000038e-01
2.020599999999999896e-01
1.287899999999999878e-01
1.026500000000000051e-01
1.505599999999999994e-01
1.260799999999999976e-01
2.018699999999999939e-01
1.380800000000000083e-01
1.424199999999999910e-01
1.346600000000000019e-01
1.201399999999999968e-01
1.517600000000000060e-01
9.096999999999999531e-02
1.463599999999999901e-01
1.455400000000000027e-01
9.316000000000000669e-02
1.811000000000000110e-01
1.575499999999999956e-01
1.553200000000000136e-01
1.291200000000000125e-01
1.378399999999999903e-01
1.509800000000000031e-01
1.172300000000000009e-01
1.502600000000000047e-01
1.314299999999999913e-01
1.347099999999999964e-01
1.464900000000000091e-01
1.418399999999999939e-01
1.193899999999999961e-01
1.480100000000000027e-01
1.457100000000000062e-01
1.197399999999999992e-01
1.586200000000000110e-01
1.516299999999999870e-01
1.533799999999999886e-01
1.312399999999999956e-01
1.267999999999999960e-01
1.523500000000000132e-01
1.134399999999999992e-01
7.688000000000000389e-02
1.496899999999999897e-01
8.815000000000000613e-02
1.133699999999999986e-01
1.254500000000000060e-01
1.801500000000000046e-01
1.750400000000000011e-01
1.011699999999999960e-01
1.462600000000000011e-01
1.142200000000000021e-01
1.517199999999999938e-01
1.414300000000000002e-01
1.355000000000000093e-01
1.851399999999999990e-01
1.370800000000000074e-01
1.680800000000000072e-01
1.364299999999999957e-01
8.172999999999999710e-02
1.436999999999999944e-01
1.183600000000000069e-01
1.597600000000000131e-01
1.509099999999999886e-01
1.131800000000000028e-01
1.062799999999999995e-01
1.365899999999999892e-01
1.091899999999999954e-01
1.267500000000000016e-01
1.513200000000000101e-01
1.113999999999999990e-01
1.400800000000000101e-01
1.671199999999999908e-01
1.567500000000000004e-01
1.736600000000000088e-01
1.554099999999999926e-01
1.523500000000000132e-01
1.295199999999999962e-01
1.371699999999999864e-01
1.409499999999999920e-01
1.512699999999999878e-01
1.240799999999999959e-01
1.677500000000000102e-01
1.378399999999999903e-01
8.967999999999999583e-02
1.177699999999999997e-01
1.196300000000000002e-01
1.577399999999999913e-01
1.552399999999999891e-01
1.472199999999999898e-01
1.413699999999999957e-01
1.689100000000000046e-01
9.156000000000000250e-02
1.086600000000000066e-01
1.716999999999999915e-01
1.560900000000000065e-01
1.708699999999999941e-01
1.014000000000000040e-01
1.257399999999999907e-01
1.509699999999999931e-01
1.384700000000000097e-01
1.302200000000000024e-01
1.084900000000000031e-01
1.522300000000000042e-01
1.221799999999999969e-01
1.279299999999999882e-01
1.330000000000000071e-01
1.536599999999999910e-01
1.175299999999999956e-01
1.740099999999999980e-01
8.043999999999999762e-02
1.656700000000000117e-01
1.245300000000000018e-01
1.203100000000000003e-01
1.643499999999999961e-01
1.264500000000000068e-01
1.598799999999999943e-01
1.531800000000000106e-01
1.837499999999999967e-01
9.765000000000000069e-02
1.431699999999999917e-01
1.324299999999999922e-01
2.003300000000000081e-01
1.319899999999999962e-01
1.424799999999999955e-01
1.194299999999999945e-01
1.312500000000000056e-01
1.901599999999999957e-01
1.814399999999999902e-01
1.114799999999999958e-01
1.428699999999999970e-01
1.139099999999999974e-01
1.094399999999999956e-01
1.296200000000000130e-01
1.067899999999999960e-01
1.176399999999999946e-01
1.636199999999999877e-01
1.588600000000000012e-01
2.096399999999999930e-01
1.083400000000000057e-01
1.187000000000000000e-01
1.445099999999999996e-01
1.506099999999999939e-01
1.458800000000000097e-01
1.398899999999999866e-01
1.166399999999999937e-01
1.392799999999999871e-01
1.258499999999999897e-01
1.212099999999999983e-01
1.283199999999999896e-01
1.091400000000000009e-01
1.134799999999999975e-01
1.319799999999999862e-01
1.725899999999999934e-01
1.239999999999999991e-01
1.243400000000000061e-01
1.394199999999999884e-01
9.850000000000000422e-02
1.317000000000000115e-01
1.503400000000000014e-01
1.427799999999999903e-01
8.293999999999999984e-02
1.535700000000000121e-01
1.296100000000000030e-01
2.108500000000000096e-01
1.338399999999999868e-01
1.244999999999999996e-01
1.313999999999999890e-01
1.180900000000000005e-01
1.416600000000000081e-01
1.325999999999999956e-01
1.711799999999999988e-01
1.219900000000000012e-01
1.388300000000000090e-01
1.150599999999999956e-01
1.461199999999999999e-01
1.194299999999999945e-01
1.670399999999999940e-01
1.148799999999999960e-01
1.364700000000000080e-01
1.582800000000000040e-01
1.754300000000000026e-01
1.199100000000000027e-01
1.257900000000000129e-01
1.114900000000000058e-01
1.478599999999999914e-01
1.243599999999999983e-01
1.124700000000000005e-01
1.574699999999999989e-01
1.443500000000000061e-01
1.604800000000000115e-01
1.240900000000000059e-01
1.540999999999999870e-01
1.380800000000000083e-01
1.403300000000000103e-01
1.699100000000000055e-01
1.410599999999999909e-01
1.022099999999999953e-01
1.301900000000000002e-01
1.480299999999999949e-01
1.300099999999999867e-01
1.334700000000000053e-01
1.368900000000000117e-01
1.493599999999999928e-01
1.251800000000000135e-01
1.644500000000000128e-01
1.506500000000000061e-01
1.509900000000000131e-01
1.465599999999999958e-01
1.420599999999999918e-01
9.972999999999999921e-02
1.375599999999999878e-01
8.887000000000000455e-02
1.197300000000000031e-01
1.292000000000000093e-01
1.304099999999999981e-01
1.764999999999999902e-01
9.693999999999999839e-02
9.433999999999999331e-02
1.133799999999999947e-01
1.723500000000000032e-01
1.063100000000000017e-01
1.125599999999999934e-01
1.178199999999999942e-01
1.447499999999999898e-01
1.746999999999999942e-01
1.299399999999999999e-01
1.167500000000000066e-01
1.721999999999999920e-01
1.662700000000000011e-01
1.637500000000000067e-01
1.477900000000000047e-01
9.946000000000000674e-02
1.737200000000000133e-01
8.787000000000000366e-02
1.426199999999999968e-01
1.721300000000000052e-01
1.263900000000000023e-01
1.023400000000000004e-01
1.507199999999999929e-01
1.828700000000000048e-01
1.348199999999999954e-01
1.313799999999999968e-01
1.498200000000000087e-01
1.509600000000000108e-01
1.203700000000000048e-01
1.579699999999999993e-01
1.440299999999999914e-01
1.184499999999999997e-01
1.092199999999999976e-01
1.609200000000000075e-01
1.637000000000000122e-01
1.542999999999999927e-01
1.419499999999999929e-01
1.445500000000000118e-01
1.928499999999999936e-01
1.686199999999999921e-01
1.217700000000000032e-01
1.482799999999999951e-01
1.347299999999999887e-01
1.039199999999999985e-01
1.583900000000000030e-01
1.229299999999999976e-01
1.973300000000000054e-01
1.164400000000000018e-01
1.538599999999999968e-01
1.029700000000000060e-01
1.069399999999999934e-01
1.318300000000000027e-01
1.253900000000000015e-01
1.521299999999999875e-01
1.409199999999999897e-01
1.504300000000000082e-01
1.464499999999999968e-01
1.411300000000000054e-01
8.999999999999999667e-02
1.786600000000000132e-01
1.907500000000000029e-01
1.368900000000000117e-01
1.110099999999999976e-01
1.848299999999999943e-01
1.323900000000000077e-01
1.362899999999999945e-01
1.388399999999999912e-01
1.719900000000000040e-01
1.438399999999999956e-01
1.143499999999999933e-01
1.015299999999999953e-01
1.467499999999999916e-01
1.126400000000000040e-01
1.318400000000000127e-01
1.713500000000000023e-01
1.463299999999999879e-01
1.207899999999999946e-01
2.003800000000000026e-01
1.158799999999999969e-01
1.421300000000000063e-01
1.273400000000000087e-01
1.302099999999999924e-01
1.300000000000000044e-01
1.356999999999999873e-01
1.369400000000000062e-01
1.377700000000000036e-01
1.174199999999999966e-01
1.603999999999999870e-01
1.331499999999999906e-01
1.013199999999999934e-01
1.163899999999999935e-01
1.484999999999999931e-01
1.463800000000000101e-01
1.268700000000000105e-01
1.066399999999999987e-01
1.298900000000000055e-01
8.384999999999999398e-02
1.657800000000000107e-01
1.615999999999999936e-01
1.299200000000000077e-01
9.701999999999999513e-02
1.477400000000000102e-01
1.858200000000000129e-01
1.622300000000000131e-01
8.624999999999999334e-02
1.175800000000000040e-01
1.380599999999999883e-01
1.380500000000000060e-01
1.774100000000000121e-01
1.475700000000000067e-01
1.080799999999999955e-01
1.688600000000000101e-01
1.250100000000000100e-01
1.319099999999999995e-01
1.125199999999999950e-01
1.532699999999999896e-01
1.478200000000000069e-01
1.469999999999999918e-01
1.251299999999999912e-01
1.189800000000000024e-01
9.558999999999999442e-02
1.129499999999999948e-01
1.121899999999999981e-01
1.373000000000000054e-01
1.028400000000000009e-01
9.754000000000000170e-02
1.817199999999999926e-01
1.615099999999999869e-01
1.327899999999999914e-01
1.396600000000000064e-01
1.343600000000000072e-01
1.126800000000000024e-01
1.712899999999999978e-01
1.191200000000000037e-01
1.469399999999999873e-01
1.130300000000000055e-01
1.439400000000000124e-01
1.073800000000000032e-01
1.158000000000000002e-01
1.535999999999999865e-01
1.195699999999999957e-01
1.006999999999999978e-01
1.941199999999999870e-01
1.463200000000000056e-01
8.455999999999999628e-02
1.554599999999999871e-01
1.302200000000000024e-01
1.471800000000000053e-01
1.189000000000000057e-01
1.620699999999999918e-01
1.181999999999999995e-01
1.009599999999999942e-01
1.316799999999999915e-01
1.477799999999999947e-01
1.272099999999999898e-01
1.595100000000000129e-01
1.421699999999999908e-01
1.476999999999999980e-01
1.103900000000000020e-01
1.128900000000000042e-01
1.827699999999999880e-01
1.010800000000000032e-01
1.441399999999999904e-01
1.095099999999999962e-01
1.316100000000000048e-01
9.457000000000000128e-02
1.421600000000000086e-01
1.439199999999999924e-01
1.243500000000000022e-01
1.645899999999999863e-01
1.662800000000000111e-01
1.649799999999999878e-01
1.552699999999999914e-01
1.775299999999999934e-01
1.370999999999999996e-01
1.149799999999999989e-01
1.632800000000000085e-01
1.870199999999999918e-01
1.482100000000000084e-01
1.427100000000000035e-01
1.458899999999999919e-01
1.173499999999999960e-01
1.272699999999999942e-01
9.260000000000000175e-02
1.234699999999999964e-01
1.294800000000000118e-01
8.128000000000000502e-02
9.284000000000000585e-02
1.252999999999999947e-01
1.154700000000000032e-01
1.401699999999999890e-01
1.509199999999999986e-01
1.405000000000000138e-01
1.291599999999999970e-01
1.964100000000000013e-01
1.156500000000000028e-01
1.345800000000000052e-01
8.476000000000000201e-02
1.966199999999999892e-01
1.135700000000000043e-01
1.597300000000000109e-01
1.337299999999999878e-01
1.402599999999999958e-01
1.330900000000000138e-01
1.571500000000000119e-01
1.895300000000000040e-01
1.106899999999999967e-01
1.278199999999999892e-01
1.272099999999999898e-01
1.478599999999999914e-01
1.128099999999999936e-01
1.606899999999999995e-01
1.299500000000000099e-01
1.690000000000000113e-01
1.433599999999999874e-01
1.546899999999999942e-01
1.657800000000000107e-01
1.272300000000000098e-01
1.015899999999999997e-01
1.631299999999999972e-01
1.281100000000000017e-01
1.239999999999999991e-01
1.400000000000000133e-01
1.117400000000000060e-01
8.688999999999999502e-02
1.866800000000000126e-01
1.675699999999999967e-01
1.225200000000000039e-01
1.555799999999999961e-01
1.335099999999999898e-01
1.293499999999999928e-01
1.333199999999999941e-01
1.215600000000000014e-01
1.378900000000000126e-01
1.649299999999999933e-01
1.751500000000000001e-01
1.309599999999999931e-01
1.275000000000000022e-01
1.372500000000000109e-01
1.376499999999999946e-01
1.198899999999999966e-01
1.371100000000000096e-01
1.442700000000000093e-01
1.315699999999999925e-01
1.085799999999999960e-01
1.271100000000000008e-01
1.237199999999999966e-01
1.269899999999999918e-01
1.428599999999999870e-01
1.426300000000000068e-01
1.250499999999999945e-01
1.043800000000000006e-01
1.389299999999999979e-01
1.005700000000000066e-01
1.429900000000000060e-01
1.141400000000000053e-01
1.426399999999999890e-01
1.066799999999999971e-01
1.421000000000000041e-01
1.114399999999999974e-01
1.411999999999999922e-01
1.361900000000000055e-01
1.521500000000000075e-01
1.373800000000000021e-01
9.822000000000000175e-02
1.106700000000000045e-01
1.390200000000000047e-01
1.269200000000000050e-01
1.371699999999999864e-01
1.396799999999999986e-01
1.122900000000000009e-01
1.287099999999999911e-01
1.498899999999999955e-01
1.543599999999999972e-01
1.193300000000000055e-01
1.354700000000000071e-01
2.022200000000000109e-01
1.351600000000000024e-01
1.287500000000000033e-01
1.336199999999999888e-01
1.439300000000000024e-01
1.451000000000000068e-01
1.173300000000000037e-01
1.178799999999999987e-01
1.637299999999999867e-01
7.320000000000000118e-02
1.331499999999999906e-01
1.450200000000000100e-01
1.399700000000000111e-01
1.565100000000000102e-01
1.198300000000000060e-01
1.481399999999999939e-01
1.720899999999999930e-01
8.842999999999999472e-02
1.286700000000000066e-01
1.145400000000000029e-01
1.257099999999999884e-01
1.281799999999999884e-01
1.231899999999999940e-01
1.279899999999999927e-01
1.198000000000000037e-01
9.878000000000000669e-02
1.339500000000000135e-01
1.309899999999999953e-01
1.404700000000000115e-01
1.562600000000000100e-01
1.345200000000000007e-01
1.154400000000000009e-01
1.280699999999999894e-01
1.308900000000000063e-01
9.957000000000000572e-02
1.444999999999999896e-01
1.344299999999999939e-01
1.484800000000000009e-01
1.508299999999999919e-01
1.486000000000000099e-01
1.013600000000000056e-01
1.676700000000000135e-01
1.356199999999999906e-01
1.353100000000000136e-01
1.520900000000000030e-01
1.365500000000000047e-01
1.099099999999999938e-01
1.153600000000000042e-01
1.368699999999999917e-01
1.188599999999999934e-01
1.624599999999999933e-01
1.396600000000000064e-01
1.300800000000000012e-01
1.214100000000000040e-01
1.255000000000000004e-01
1.857900000000000107e-01
1.118500000000000050e-01
1.570300000000000029e-01
1.562600000000000100e-01
1.303600000000000037e-01
1.107100000000000029e-01
1.521299999999999875e-01
1.233299999999999952e-01
1.413200000000000012e-01
1.846899999999999931e-01
1.383900000000000130e-01
1.386000000000000010e-01
9.446000000000000230e-02
1.255999999999999894e-01
1.540100000000000080e-01
1.207000000000000017e-01
1.247199999999999975e-01
9.980999999999999595e-02
1.224900000000000017e-01
1.303600000000000037e-01
1.337099999999999955e-01
1.434799999999999964e-01
1.731999999999999929e-01
1.912699999999999956e-01
1.590199999999999947e-01
1.329700000000000049e-01
1.754100000000000104e-01
1.403500000000000025e-01
1.416199999999999959e-01
1.719100000000000072e-01
2.088099999999999956e-01
1.071700000000000014e-01
1.353100000000000136e-01
1.627899999999999903e-01
1.142699999999999966e-01
1.388999999999999957e-01
1.342000000000000137e-01
1.381499999999999950e-01
1.055100000000000066e-01
1.592399999999999927e-01
1.486500000000000044e-01
1.118100000000000066e-01
1.334200000000000108e-01
1.360300000000000120e-01
1.353800000000000003e-01
1.413099999999999912e-01
1.530299999999999994e-01
1.357200000000000073e-01
9.908000000000000140e-02
1.199800000000000033e-01
1.135499999999999982e-01
1.213800000000000018e-01
1.083199999999999996e-01
1.466300000000000103e-01
1.211600000000000038e-01
1.641799999999999926e-01
1.689599999999999991e-01
1.876599999999999935e-01
1.274500000000000077e-01
1.413899999999999879e-01
1.567399999999999904e-01
1.030900000000000011e-01
1.789699999999999902e-01
1.026500000000000051e-01
1.105000000000000010e-01
1.448099999999999943e-01
1.137299999999999978e-01
1.095799999999999969e-01
1.454600000000000060e-01
1.279399999999999982e-01
1.553499999999999881e-01
1.592800000000000049e-01
1.428200000000000025e-01
1.680000000000000104e-01
1.114900000000000058e-01
1.794300000000000062e-01
1.516099999999999948e-01
1.257199999999999984e-01
1.450400000000000023e-01
1.969299999999999939e-01
1.242999999999999938e-01
1.095399999999999985e-01
1.955999999999999961e-01
1.691799999999999971e-01
1.041699999999999987e-01
1.426800000000000013e-01
1.909800000000000109e-01
1.162600000000000022e-01
1.055399999999999949e-01
1.151100000000000040e-01
1.769999999999999907e-01
1.159300000000000053e-01
1.145700000000000052e-01
1.149600000000000066e-01
1.285000000000000031e-01
1.509900000000000131e-01
1.286100000000000021e-01
1.761600000000000110e-01
1.969700000000000062e-01
8.165999999999999648e-02
1.321599999999999997e-01
1.192399999999999988e-01
9.636999999999999733e-02
1.150899999999999979e-01
1.527600000000000069e-01
1.457499999999999907e-01
1.287200000000000011e-01
1.897000000000000075e-01
1.066899999999999932e-01
1.442599999999999993e-01
1.647099999999999953e-01
9.339999999999999691e-02
1.607200000000000017e-01
1.337599999999999900e-01
1.353999999999999926e-01
9.528999999999999970e-02
1.275699999999999890e-01
1.726800000000000002e-01
1.139000000000000012e-01
1.638000000000000012e-01
1.473899999999999932e-01
1.780700000000000061e-01
1.300000000000000044e-01
1.181299999999999989e-01
1.449199999999999933e-01
1.067499999999999977e-01
1.199100000000000027e-01
1.517900000000000083e-01
1.491200000000000025e-01
1.508799999999999863e-01
1.248400000000000065e-01
1.240699999999999997e-01
1.441099999999999881e-01
1.404700000000000115e-01
1.400800000000000101e-01
1.645600000000000118e-01
1.173000000000000015e-01
1.442400000000000071e-01
1.854699999999999960e-01
1.294099999999999973e-01
1.086600000000000066e-01
9.153000000000000025e-02
1.486300000000000121e-01
1.435500000000000109e-01
1.274000000000000132e-01
9.904000000000000303e-02
1.333999999999999908e-01
1.342700000000000005e-01
1.869000000000000106e-01
1.519800000000000040e-01
1.737599999999999978e-01
9.661000000000000143e-02
7.736999999999999433e-02
8.480999999999999650e-02
8.365999999999999825e-02
1.130400000000000016e-01
1.537000000000000033e-01
1.388800000000000034e-01
1.043800000000000006e-01
1.370500000000000052e-01
1.686300000000000021e-01
1.515199999999999880e-01
1.346900000000000042e-01
1.116299999999999931e-01
1.517900000000000083e-01
1.096499999999999975e-01
1.491099999999999925e-01
1.150000000000000050e-01
1.132500000000000034e-01
1.268499999999999905e-01
1.673900000000000110e-01
1.039700000000000069e-01
1.203700000000000048e-01
1.690899999999999903e-01
1.446300000000000086e-01
1.762400000000000078e-01
1.092100000000000015e-01
1.603400000000000103e-01
1.424799999999999955e-01
1.579899999999999916e-01
1.490599999999999981e-01
1.194999999999999951e-01
1.396499999999999964e-01
1.568599999999999994e-01
9.947999999999999898e-02
1.526299999999999879e-01
1.195500000000000035e-01
1.088900000000000007e-01
1.198700000000000043e-01
1.633600000000000052e-01
1.593299999999999994e-01
1.307999999999999996e-01
1.555100000000000093e-01
1.011299999999999977e-01
1.216399999999999981e-01
1.819399999999999906e-01
8.089999999999999969e-02
1.708800000000000041e-01
1.385200000000000042e-01
1.237599999999999950e-01
1.114499999999999935e-01
1.614099999999999979e-01
9.567000000000000504e-02
1.090399999999999980e-01
1.199100000000000027e-01
1.120600000000000068e-01
1.271799999999999875e-01
1.197700000000000015e-01
1.266200000000000103e-01
9.629000000000000059e-02
1.581899999999999973e-01
1.756600000000000106e-01
1.514699999999999935e-01
1.530700000000000116e-01
1.193000000000000033e-01
1.438300000000000134e-01
1.450400000000000023e-01
1.132800000000000057e-01
1.374100000000000044e-01
1.012500000000000067e-01
1.074399999999999938e-01
7.294000000000000483e-02
1.345000000000000084e-01
1.242899999999999977e-01
1.400599999999999901e-01
1.286799999999999888e-01
9.880999999999999506e-02
1.506299999999999861e-01
1.006800000000000056e-01
1.302500000000000047e-01
1.663600000000000079e-01
1.407100000000000017e-01
1.086099999999999982e-01
1.007099999999999940e-01
9.209000000000000519e-02
1.315000000000000058e-01
1.320699999999999930e-01
1.425099999999999978e-01
1.159499999999999975e-01
1.657299999999999884e-01
1.242199999999999971e-01
1.795400000000000051e-01
1.384900000000000020e-01
1.096700000000000036e-01
9.529999999999999583e-02
1.821099999999999941e-01
1.450100000000000000e-01
1.143900000000000056e-01
1.456899999999999862e-01
1.359400000000000053e-01
9.814000000000000501e-02
1.122400000000000064e-01
1.222700000000000037e-01
1.130499999999999977e-01
1.214100000000000040e-01
1.438099999999999934e-01
1.547800000000000009e-01
1.361199999999999910e-01
1.284299999999999886e-01
1.504900000000000126e-01
9.972999999999999921e-02
1.287899999999999878e-01
1.471300000000000108e-01
9.743000000000000271e-02
1.519099999999999895e-01
1.479699999999999904e-01
1.387700000000000045e-01
1.537699999999999900e-01
1.563599999999999990e-01
1.179999999999999938e-01
1.344100000000000017e-01
1.381199999999999928e-01
1.399499999999999911e-01
1.206799999999999956e-01
9.787999999999999479e-02
1.605600000000000083e-01
1.303900000000000059e-01
1.481699999999999962e-01
1.931700000000000084e-01
1.397799999999999876e-01
1.385899999999999910e-01
1.306499999999999884e-01
1.384100000000000052e-01
1.331400000000000083e-01
1.717700000000000060e-01
1.297200000000000020e-01
7.624999999999999833e-02
1.222899999999999959e-01
1.444400000000000128e-01
1.225099999999999939e-01
1.690300000000000136e-01
1.264899999999999913e-01
1.160599999999999965e-01
9.579999999999999627e-02
1.244200000000000028e-01
1.275600000000000067e-01
1.650800000000000045e-01
1.622000000000000108e-01
1.325800000000000034e-01
1.596599999999999964e-01
1.676400000000000112e-01
1.323699999999999877e-01
1.465700000000000058e-01
1.535199999999999898e-01
1.076799999999999979e-01
1.035599999999999993e-01
1.504800000000000026e-01
1.930399999999999894e-01
1.544399999999999940e-01
1.215100000000000069e-01
1.673499999999999988e-01
1.417599999999999971e-01
1.353999999999999926e-01
1.133300000000000002e-01
1.167900000000000049e-01
1.334500000000000131e-01
1.166699999999999959e-01
1.447100000000000053e-01
1.286200000000000121e-01
1.328900000000000081e-01
1.741800000000000015e-01
1.636499999999999899e-01
1.137399999999999939e-01
1.094299999999999995e-01
1.194100000000000023e-01
8.792999999999999428e-02
1.250699999999999867e-01
1.305300000000000071e-01
1.269899999999999918e-01
1.092100000000000015e-01
1.121700000000000058e-01
1.827499999999999958e-01
1.066300000000000026e-01
1.212600000000000067e-01
1.761000000000000065e-01
1.504199999999999982e-01
9.748999999999999333e-02
1.350899999999999879e-01
1.411300000000000054e-01
9.606000000000000649e-02
1.617999999999999994e-01
1.213899999999999979e-01
1.546700000000000019e-01
1.527499999999999969e-01
1.315699999999999925e-01
1.343000000000000027e-01
1.265999999999999903e-01
1.284500000000000086e-01
1.353900000000000103e-01
1.501500000000000057e-01
1.403899999999999870e-01
1.446999999999999953e-01
1.596799999999999886e-01
1.118100000000000066e-01
1.459900000000000087e-01
7.689000000000000001e-02
1.496399999999999952e-01
1.511000000000000121e-01
1.502000000000000002e-01
1.184599999999999959e-01
9.665999999999999592e-02
1.394900000000000029e-01
1.353399999999999881e-01
1.441399999999999904e-01
1.732599999999999973e-01
1.104500000000000065e-01
1.399799999999999933e-01
1.107899999999999996e-01
1.034899999999999987e-01
1.294500000000000095e-01
1.228800000000000031e-01
1.001500000000000029e-01
8.472000000000000364e-02
1.646199999999999886e-01
1.282300000000000106e-01
1.389799999999999924e-01
1.311599999999999988e-01
1.358600000000000085e-01
1.250000000000000000e-01
1.247100000000000014e-01
1.681600000000000039e-01
1.310300000000000076e-01
8.272000000000000186e-02
1.414300000000000002e-01
1.292500000000000038e-01
6.565999999999999615e-02
1.244500000000000051e-01
1.598799999999999943e-01
1.137600000000000000e-01
1.716199999999999948e-01
1.833899999999999975e-01
1.641799999999999926e-01
1.526000000000000134e-01
1.255300000000000027e-01
8.903999999999999415e-02
1.735500000000000098e-01
1.005599999999999966e-01
1.224399999999999933e-01
1.280699999999999894e-01
1.102199999999999985e-01
9.908000000000000140e-02
1.579800000000000093e-01
1.239100000000000062e-01
1.550499999999999934e-01
1.385099999999999942e-01
1.345300000000000107e-01
1.644299999999999928e-01
1.536399999999999988e-01
1.608499999999999930e-01
1.183700000000000030e-01
1.325600000000000112e-01
1.489199999999999968e-01
1.061799999999999966e-01
1.372200000000000086e-01
1.263799999999999923e-01
1.317800000000000082e-01
1.281899999999999984e-01
1.904099999999999959e-01
1.720200000000000062e-01
1.799999999999999933e-01
1.330600000000000116e-01
1.360000000000000098e-01
9.486999999999999600e-02
1.460700000000000054e-01
1.729600000000000026e-01
1.610000000000000042e-01
1.602300000000000113e-01
1.350500000000000034e-01
9.676999999999999491e-02
1.671100000000000085e-01
1.837300000000000044e-01
1.249500000000000055e-01
1.201399999999999968e-01
1.329200000000000104e-01
1.687400000000000011e-01
1.338300000000000045e-01
1.337800000000000100e-01
1.381000000000000005e-01
1.339799999999999880e-01
1.873599999999999988e-01
1.469799999999999995e-01
1.204199999999999993e-01
1.626900000000000013e-01
1.462499999999999911e-01
1.257199999999999984e-01
1.258900000000000019e-01
1.492400000000000115e-01
1.251599999999999935e-01
1.072599999999999942e-01
1.685099999999999931e-01
1.531299999999999883e-01
1.379499999999999893e-01
1.015699999999999936e-01
9.565999999999999504e-02
1.524399999999999922e-01
1.137200000000000016e-01
8.412999999999999645e-02
1.585199999999999942e-01
1.026799999999999935e-01
1.975200000000000011e-01
1.250999999999999890e-01
1.654500000000000137e-01
1.400500000000000078e-01
1.368099999999999872e-01
1.511000000000000121e-01
1.863299999999999956e-01
9.403999999999999859e-02
1.511899999999999911e-01
1.463200000000000056e-01
1.660399999999999932e-01
1.518599999999999950e-01
1.979799999999999893e-01
1.901299999999999935e-01
1.493800000000000128e-01
1.568299999999999972e-01
1.410599999999999909e-01
1.299800000000000122e-01
1.348300000000000054e-01
1.202199999999999935e-01
1.323499999999999954e-01
1.209800000000000042e-01
1.293999999999999873e-01
1.586200000000000110e-01
1.340699999999999947e-01
1.454100000000000115e-01
1.508400000000000019e-01
1.229599999999999999e-01
1.436099999999999877e-01
1.359700000000000075e-01
1.614500000000000102e-01
1.568499999999999894e-01
1.478200000000000069e-01
1.197399999999999992e-01
1.464499999999999968e-01
1.576500000000000123e-01
1.576400000000000023e-01
1.043599999999999944e-01
1.542100000000000137e-01
1.464799999999999991e-01
1.234800000000000064e-01
1.315099999999999880e-01
1.605499999999999983e-01
1.021299999999999986e-01
1.124300000000000022e-01
9.547999999999999543e-02
1.144300000000000039e-01
1.846399999999999986e-01
1.404299999999999993e-01
1.730899999999999939e-01
1.870699999999999863e-01
1.156100000000000044e-01
1.589800000000000102e-01
1.724100000000000077e-01
9.883999999999999730e-02
1.610399999999999887e-01
1.774300000000000044e-01
1.068999999999999950e-01
1.898900000000000032e-01
1.176299999999999985e-01
8.784000000000000141e-02
1.217700000000000032e-01
1.655099999999999905e-01
1.600100000000000133e-01
1.119700000000000001e-01
1.427499999999999880e-01
1.545999999999999874e-01
1.410599999999999909e-01
1.828299999999999925e-01
1.235499999999999932e-01
1.943499999999999950e-01
1.498299999999999910e-01
1.105300000000000032e-01
1.298499999999999932e-01
1.414900000000000047e-01
1.255699999999999872e-01
1.605800000000000005e-01
1.027399999999999980e-01
1.439199999999999924e-01
1.991400000000000114e-01
1.297399999999999942e-01
1.159199999999999953e-01
1.682700000000000029e-01
1.380099999999999938e-01
8.186000000000000221e-02
1.311199999999999866e-01
1.309800000000000131e-01
1.371300000000000019e-01
1.062099999999999989e-01
1.296899999999999997e-01
1.456099999999999894e-01
1.869599999999999873e-01
1.361300000000000010e-01
1.068000000000000060e-01
1.668000000000000038e-01
1.592899999999999872e-01
1.566599999999999937e-01
1.560799999999999965e-01
1.008700000000000013e-01
1.324700000000000044e-01
1.384799999999999920e-01
1.005700000000000066e-01
1.325199999999999989e-01
1.100600000000000050e-01
1.523100000000000009e-01
1.940800000000000025e-01
1.511399999999999966e-01
1.402700000000000058e-01
1.602699999999999958e-01
1.460500000000000131e-01
1.383000000000000063e-01
1.131800000000000028e-01
1.597399999999999931e-01
1.293799999999999950e-01
1.122800000000000048e-01
1.724700000000000122e-01
1.284099999999999964e-01
1.331400000000000083e-01
1.375000000000000111e-01
1.139700000000000019e-01
1.642299999999999871e-01
1.402299999999999935e-01
1.353699999999999903e-01
1.588299999999999990e-01
8.477999999999999425e-02
1.176500000000000046e-01
1.439199999999999924e-01
1.325699999999999934e-01
1.339500000000000135e-01
1.706699999999999884e-01
9.926999999999999713e-02
9.701999999999999513e-02
1.083500000000000019e-01
1.529399999999999926e-01
1.501899999999999902e-01
1.086700000000000027e-01
1.312699999999999978e-01
1.329400000000000026e-01
1.406900000000000095e-01
1.529899999999999871e-01
1.415099999999999969e-01
1.071399999999999991e-01
1.503500000000000114e-01
1.138600000000000029e-01
1.363399999999999890e-01
1.903400000000000092e-01
1.448500000000000065e-01
1.342599999999999905e-01
9.350999999999999590e-02
1.697899999999999965e-01
1.261400000000000021e-01
1.314800000000000135e-01
1.131700000000000067e-01
1.474300000000000055e-01
1.173799999999999982e-01
1.481200000000000017e-01
1.302899999999999892e-01
1.421499999999999986e-01
1.152699999999999975e-01
1.783599999999999908e-01
1.819300000000000084e-01
1.242700000000000055e-01
1.235099999999999948e-01
1.386699999999999877e-01
1.240699999999999997e-01
1.286299999999999943e-01
1.221700000000000008e-01
1.580699999999999883e-01
9.717000000000000637e-02
1.402500000000000135e-01
1.228699999999999931e-01
1.049199999999999994e-01
1.259699999999999986e-01
1.351799999999999946e-01
1.718699999999999950e-01
1.181600000000000011e-01
1.140400000000000025e-01
1.500100000000000044e-01
1.511099999999999943e-01
1.575699999999999878e-01
1.694700000000000095e-01
1.553799999999999903e-01
1.345999999999999974e-01
1.314400000000000013e-01
1.139600000000000057e-01
1.297800000000000065e-01
1.275300000000000045e-01
1.234299999999999981e-01
1.349100000000000021e-01
1.445799999999999863e-01
1.597999999999999976e-01
1.280399999999999872e-01
1.729600000000000026e-01
1.213899999999999979e-01
1.330399999999999916e-01
1.694900000000000018e-01
8.704000000000000625e-02
1.433699999999999974e-01
1.204800000000000038e-01
1.025699999999999945e-01
1.481500000000000039e-01
1.450899999999999967e-01
1.441199999999999981e-01
1.006900000000000017e-01
9.388000000000000511e-02
1.227199999999999958e-01
1.328300000000000036e-01
1.742200000000000137e-01
1.081199999999999939e-01
1.403800000000000048e-01
1.132699999999999957e-01
1.290699999999999903e-01
9.261999999999999400e-02
1.302300000000000124e-01
1.349899999999999989e-01
1.833700000000000052e-01
1.373399999999999899e-01
1.886099999999999999e-01
1.430500000000000105e-01
1.250999999999999890e-01
1.228299999999999947e-01
1.701199999999999934e-01
1.291799999999999893e-01
9.009999999999999953e-02
1.328100000000000114e-01
1.479399999999999882e-01
1.379700000000000093e-01
1.771800000000000042e-01
1.609099999999999975e-01
1.533299999999999941e-01
1.585799999999999987e-01
1.052199999999999941e-01
1.319599999999999940e-01
1.316199999999999870e-01
1.389600000000000002e-01
1.421699999999999908e-01
1.450299999999999923e-01
1.297300000000000120e-01
1.420200000000000073e-01
1.925699999999999912e-01
1.048400000000000026e-01
1.280699999999999894e-01
1.396300000000000041e-01
1.378999999999999948e-01
1.732700000000000073e-01
1.286799999999999888e-01
1.505700000000000094e-01
1.292399999999999938e-01
1.455899999999999972e-01
1.071799999999999975e-01
1.692599999999999938e-01
1.497799999999999965e-01
1.411000000000000032e-01
1.450200000000000100e-01
1.098800000000000054e-01
1.725299999999999889e-01
1.511099999999999943e-01
1.236300000000000038e-01
1.283400000000000096e-01
1.300000000000000044e-01
1.276500000000000135e-01
1.269099999999999950e-01
1.141299999999999953e-01
6.966999999999999582e-02
1.323600000000000054e-01
1.331499999999999906e-01
1.535100000000000076e-01
1.331299999999999983e-01
1.358000000000000040e-01
1.478299999999999892e-01
9.125999999999999390e-02
1.349400000000000044e-01
1.331199999999999883e-01
2.090700000000000058e-01
1.546399999999999997e-01
1.210399999999999948e-01
1.378000000000000058e-01
1.189899999999999985e-01
1.392899999999999971e-01
1.459300000000000042e-01
1.712200000000000111e-01
1.139399999999999996e-01
1.541899999999999937e-01
1.443699999999999983e-01
1.622500000000000053e-01
1.178499999999999964e-01
1.310000000000000053e-01
1.273199999999999887e-01
1.633799999999999975e-01
1.486500000000000044e-01
1.065799999999999942e-01
9.306000000000000383e-02
1.560300000000000020e-01
1.193499999999999978e-01
1.365699999999999970e-01
1.529899999999999871e-01
1.410800000000000110e-01
1.518500000000000127e-01
1.501599999999999879e-01
1.460200000000000109e-01
1.507699999999999874e-01
1.261299999999999921e-01
1.080300000000000010e-01
1.542600000000000082e-01
9.816999999999999338e-02
1.238599999999999979e-01
1.200999999999999984e-01
1.109600000000000031e-01
1.601700000000000068e-01
1.504399999999999904e-01
1.565799999999999970e-01
1.370500000000000052e-01
1.387299999999999922e-01
1.047000000000000014e-01
1.547999999999999932e-01
1.023899999999999949e-01
1.512300000000000033e-01
1.236099999999999977e-01
1.527999999999999914e-01
1.024800000000000016e-01
1.087999999999999939e-01
1.209999999999999964e-01
1.293600000000000028e-01
9.775000000000000355e-02
1.236899999999999944e-01
1.101899999999999963e-01
1.925499999999999989e-01
8.798000000000000265e-02
1.373999999999999944e-01
1.417400000000000049e-01
1.094299999999999995e-01
1.169599999999999945e-01
1.321599999999999997e-01
1.329400000000000026e-01
1.100399999999999989e-01
1.286200000000000121e-01
1.796999999999999986e-01
1.378199999999999981e-01
1.461899999999999866e-01
1.594399999999999984e-01
1.289099999999999968e-01
1.194199999999999984e-01
9.349999999999999978e-02
1.184999999999999942e-01
9.465999999999999415e-02
1.384799999999999920e-01
1.437799999999999911e-01
1.699100000000000055e-01
1.641499999999999904e-01
1.463500000000000079e-01
1.349599999999999966e-01
1.111400000000000027e-01
9.633999999999999508e-02
1.442700000000000093e-01
1.385599999999999887e-01
1.286499999999999866e-01
1.466300000000000103e-01
1.524399999999999922e-01
7.943000000000000060e-02
1.164899999999999963e-01
1.127100000000000046e-01
1.298199999999999910e-01
1.444999999999999896e-01
1.242999999999999938e-01
1.167200000000000043e-01
1.945399999999999907e-01
1.314700000000000035e-01
1.698999999999999955e-01
1.202600000000000058e-01
1.327899999999999914e-01
1.381999999999999895e-01
1.627800000000000080e-01
1.047399999999999998e-01
1.568400000000000072e-01
1.264500000000000068e-01
1.539899999999999880e-01
1.638400000000000134e-01
1.117299999999999960e-01
1.463500000000000079e-01
1.486099999999999921e-01
1.446800000000000030e-01
1.053999999999999937e-01
1.600100000000000133e-01
1.572900000000000131e-01
1.706199999999999939e-01
1.610600000000000087e-01
1.311700000000000088e-01
1.293700000000000128e-01
1.747199999999999864e-01
9.046999999999999487e-02
1.248500000000000026e-01
1.334899999999999975e-01
1.071499999999999952e-01
1.191799999999999943e-01
9.239999999999999603e-02
1.259299999999999864e-01
1.523500000000000132e-01
1.341100000000000070e-01
1.436999999999999944e-01
1.560300000000000020e-01
1.088200000000000001e-01
1.023499999999999965e-01
1.202300000000000035e-01
1.364499999999999880e-01
1.359499999999999875e-01
1.497400000000000120e-01
1.197199999999999931e-01
1.394199999999999884e-01
1.292000000000000093e-01
1.179299999999999932e-01
1.119600000000000040e-01
1.299700000000000022e-01
1.167600000000000027e-01
1.278100000000000069e-01
1.328900000000000081e-01
1.441900000000000126e-01
1.059500000000000025e-01
1.361199999999999910e-01
7.480000000000000537e-02
1.249799999999999939e-01
8.143999999999999850e-02
1.551400000000000001e-01
1.051699999999999996e-01
1.575400000000000134e-01
1.682899999999999952e-01
1.501899999999999902e-01
1.393099999999999894e-01
1.800200000000000133e-01
1.525100000000000067e-01
9.958999999999999797e-02
1.635300000000000087e-01
1.459699999999999886e-01
1.427100000000000035e-01
1.499699999999999922e-01
1.518200000000000105e-01
1.560199999999999920e-01
1.314899999999999958e-01
1.637500000000000067e-01
1.261599999999999944e-01
1.338999999999999913e-01
1.527600000000000069e-01
1.187200000000000061e-01
1.765700000000000047e-01
1.668999999999999928e-01
1.751099999999999879e-01
8.745999999999999608e-02
1.270699999999999885e-01
1.302599999999999869e-01
1.187700000000000006e-01
1.399400000000000088e-01
1.569800000000000084e-01
1.385899999999999910e-01
1.183199999999999946e-01
1.557300000000000073e-01
9.810000000000000664e-02
1.511299999999999866e-01
1.855900000000000050e-01
1.197799999999999976e-01
1.205600000000000005e-01
1.147999999999999993e-01
1.360000000000000098e-01
1.676400000000000112e-01
1.565999999999999892e-01
1.415299999999999891e-01
9.751999999999999558e-02
1.571799999999999864e-01
1.335399999999999920e-01
1.155000000000000054e-01
1.491500000000000048e-01
1.524000000000000077e-01
1.008399999999999991e-01
1.141800000000000037e-01
8.194999999999999507e-02
1.043499999999999983e-01
1.348799999999999999e-01
1.457100000000000062e-01
1.205999999999999989e-01
1.154300000000000048e-01
1.812699999999999867e-01
1.383500000000000008e-01
1.189000000000000057e-01
1.264899999999999913e-01
1.199800000000000033e-01
1.744199999999999917e-01
1.243299999999999961e-01
1.471099999999999908e-01
1.092499999999999999e-01
1.154199999999999948e-01
1.459499999999999964e-01
1.207700000000000023e-01
1.157099999999999934e-01
1.183600000000000069e-01
1.156599999999999989e-01
1.156400000000000067e-01
1.222000000000000031e-01
1.833500000000000130e-01
1.732799999999999896e-01
1.399100000000000066e-01
1.398999999999999966e-01
1.259299999999999864e-01
1.753699999999999981e-01
1.565199999999999925e-01
1.573799999999999921e-01
1.526399999999999979e-01
1.331600000000000006e-01
1.195599999999999996e-01
1.300999999999999934e-01
1.382299999999999918e-01
1.488800000000000123e-01
1.461800000000000044e-01
1.115499999999999964e-01
1.167500000000000066e-01
1.396100000000000119e-01
1.592000000000000082e-01
1.292899999999999883e-01
1.113100000000000062e-01
1.544300000000000117e-01
1.088699999999999946e-01
1.416999999999999926e-01
9.717000000000000637e-02
1.114900000000000058e-01
1.461000000000000076e-01
8.488999999999999324e-02
1.124099999999999960e-01
1.486800000000000066e-01
1.502699999999999869e-01
1.925999999999999934e-01
9.317999999999999894e-02
1.369599999999999984e-01
1.087299999999999933e-01
8.756999999999999507e-02
1.392400000000000027e-01
1.014300000000000063e-01
1.144499999999999962e-01
1.529500000000000026e-01
1.127599999999999991e-01
1.125199999999999950e-01
1.310399999999999898e-01
1.202899999999999942e-01
1.442799999999999916e-01
1.578700000000000103e-01
1.374900000000000011e-01
1.578199999999999881e-01
1.519999999999999962e-01
1.697200000000000097e-01
9.475999999999999701e-02
9.460999999999999965e-02
1.082199999999999968e-01
1.370099999999999929e-01
1.470799999999999885e-01
2.114800000000000013e-01
1.262800000000000034e-01
1.642800000000000094e-01
1.366199999999999914e-01
1.534000000000000086e-01
1.475899999999999990e-01
1.658600000000000074e-01
1.633600000000000052e-01
1.125599999999999934e-01
1.882500000000000007e-01
1.801099999999999923e-01
1.289700000000000013e-01
1.406499999999999972e-01
1.434100000000000097e-01
1.019700000000000051e-01
1.447400000000000075e-01
1.421900000000000108e-01
1.930600000000000094e-01
1.282800000000000051e-01
1.550100000000000089e-01
1.203100000000000003e-01
1.346499999999999919e-01
1.098800000000000054e-01
1.661100000000000076e-01
1.735099999999999976e-01
1.078599999999999975e-01
1.075099999999999945e-01
1.438200000000000034e-01
1.581400000000000028e-01
1.359799999999999898e-01
1.267800000000000038e-01
9.135000000000000064e-02
1.288600000000000023e-01
1.229299999999999976e-01
1.651299999999999990e-01
1.309400000000000008e-01
1.510499999999999898e-01
1.061200000000000060e-01
1.214200000000000002e-01
1.364200000000000135e-01
1.039999999999999952e-01
1.206099999999999950e-01
1.643400000000000138e-01
1.449600000000000055e-01
1.356600000000000028e-01
1.277999999999999969e-01
1.506899999999999906e-01
1.335899999999999865e-01
1.801300000000000123e-01
1.301700000000000079e-01
1.404199999999999893e-01
1.558199999999999863e-01
1.298799999999999955e-01
1.346199999999999897e-01
1.403500000000000025e-01
1.486000000000000099e-01
1.429700000000000137e-01
1.749799999999999967e-01
1.289500000000000091e-01
1.107000000000000067e-01
1.403399999999999925e-01
9.679000000000000103e-02
1.086199999999999943e-01
1.420899999999999941e-01
1.066899999999999932e-01
1.729700000000000126e-01
8.841999999999999860e-02
1.008300000000000030e-01
1.319299999999999917e-01
1.415500000000000091e-01
1.603100000000000080e-01
1.343600000000000072e-01
1.260199999999999931e-01
1.179299999999999932e-01
1.304800000000000126e-01
1.315399999999999903e-01
9.694999999999999452e-02
1.419400000000000106e-01
1.594500000000000084e-01
1.103699999999999959e-01
1.208100000000000007e-01
1.361499999999999932e-01
1.462299999999999989e-01
9.227000000000000479e-02
1.312399999999999956e-01
1.409299999999999997e-01
1.295800000000000007e-01
1.275000000000000022e-01
1.618100000000000094e-01
1.094399999999999956e-01
1.783099999999999963e-01
1.607300000000000118e-01
9.321999999999999731e-02
9.475000000000000089e-02
1.779600000000000071e-01
1.209199999999999997e-01
1.496399999999999952e-01
1.233400000000000052e-01
1.387899999999999967e-01
1.746199999999999974e-01
1.217599999999999932e-01
1.296799999999999897e-01
2.026600000000000068e-01
1.411600000000000077e-01
1.709799999999999931e-01
1.318799999999999972e-01
1.288799999999999946e-01
1.798800000000000121e-01
1.330999999999999961e-01
8.488999999999999324e-02
1.842399999999999871e-01
9.371999999999999775e-02
1.369799999999999907e-01
9.739000000000000434e-02
9.639999999999999958e-02
1.096300000000000052e-01
1.189000000000000057e-01
1.558700000000000085e-01
1.204199999999999993e-01
1.645300000000000096e-01
1.365999999999999992e-01
1.462299999999999989e-01
1.763099999999999945e-01
1.265499999999999958e-01
1.504600000000000104e-01
1.267099999999999893e-01
1.312899999999999900e-01
1.365999999999999992e-01
1.635000000000000064e-01
1.249600000000000016e-01
1.352099999999999969e-01
1.530100000000000071e-01
1.546500000000000097e-01
1.801099999999999923e-01
1.596599999999999964e-01
1.529099999999999904e-01
1.429700000000000137e-01
1.323499999999999954e-01
1.226499999999999951e-01
1.571500000000000119e-01
1.738300000000000123e-01
1.323600000000000054e-01
1.224599999999999994e-01
1.002600000000000019e-01
1.107500000000000012e-01
1.412400000000000044e-01
1.468899999999999928e-01
1.156800000000000050e-01
1.392100000000000004e-01
1.279599999999999904e-01
1.204100000000000031e-01
1.110600000000000059e-01
1.238299999999999956e-01
1.588600000000000012e-01
2.003900000000000126e-01
1.429499999999999937e-01
1.150199999999999972e-01
1.010299999999999948e-01
1.516200000000000048e-01
1.095700000000000007e-01
1.731999999999999929e-01
1.496300000000000130e-01
1.408699999999999952e-01
1.639899999999999969e-01
1.985800000000000065e-01
1.395500000000000074e-01
1.406999999999999917e-01
2.118800000000000128e-01
1.153099999999999958e-01
1.561700000000000033e-01
1.311700000000000088e-01
1.341799999999999937e-01
1.439699999999999869e-01
1.711999999999999911e-01
1.340899999999999870e-01
1.535999999999999865e-01
1.658699999999999897e-01
1.801899999999999891e-01
1.768399999999999972e-01
1.653199999999999947e-01
1.175500000000000017e-01
1.293700000000000128e-01
1.501399999999999957e-01
1.597800000000000054e-01
1.265300000000000036e-01
1.394799999999999929e-01
1.393399999999999916e-01
1.592500000000000027e-01
1.436800000000000022e-01
1.049500000000000016e-01
1.086400000000000005e-01
1.860499999999999932e-01
1.148499999999999938e-01
1.524899999999999867e-01
8.945999999999999786e-02
1.279000000000000137e-01
1.438200000000000034e-01
1.396399999999999864e-01
1.591200000000000114e-01
1.497100000000000097e-01
2.012599999999999945e-01
1.144499999999999962e-01
1.111599999999999949e-01
1.229699999999999960e-01
1.413800000000000057e-01
1.010699999999999932e-01
1.251700000000000035e-01
1.683499999999999996e-01
1.842699999999999894e-01
1.441600000000000104e-01
1.374199999999999866e-01
1.230399999999999966e-01
1.262500000000000011e-01
1.400500000000000078e-01
1.635199999999999987e-01
1.423300000000000121e-01
1.178400000000000003e-01
1.783500000000000085e-01
1.140800000000000008e-01
1.040299999999999975e-01
1.506000000000000116e-01
1.725200000000000067e-01
1.221300000000000024e-01
1.440599999999999936e-01
1.655200000000000005e-01
1.363300000000000067e-01
1.277699999999999947e-01
1.297999999999999987e-01
1.324599999999999944e-01
1.575499999999999956e-01
1.965300000000000102e-01
1.529899999999999871e-01
9.843999999999999972e-02
1.631199999999999872e-01
1.199400000000000049e-01
1.311199999999999866e-01
1.250000000000000000e-01
1.658600000000000074e-01
1.365800000000000070e-01
1.074900000000000022e-01
1.139700000000000019e-01
1.516299999999999870e-01
1.429199999999999915e-01
1.353399999999999881e-01
1.434100000000000097e-01
1.285600000000000076e-01
1.361900000000000055e-01
1.427700000000000080e-01
1.236499999999999960e-01
1.052400000000000002e-01
1.643900000000000083e-01
1.299399999999999999e-01
1.160100000000000020e-01
1.076899999999999941e-01
1.690399999999999958e-01
1.766300000000000092e-01
1.503700000000000037e-01
1.835499999999999909e-01
1.430899999999999950e-01
1.224699999999999955e-01
1.286799999999999888e-01
1.359799999999999898e-01
1.173600000000000060e-01
1.549800000000000066e-01
1.536700000000000010e-01
1.709299999999999986e-01
1.057899999999999952e-01
1.240600000000000036e-01
1.431600000000000095e-01
9.997000000000000330e-02
1.197399999999999992e-01
1.178499999999999964e-01
1.143200000000000049e-01
1.858200000000000129e-01
1.204500000000000015e-01
1.220799999999999941e-01
1.776000000000000079e-01
1.280699999999999894e-01
1.311100000000000043e-01
1.313199999999999923e-01
1.452499999999999902e-01
1.789300000000000057e-01
1.593900000000000039e-01
1.464600000000000068e-01
1.191200000000000037e-01
1.493700000000000028e-01
1.070799999999999946e-01
8.387000000000000011e-02
8.731999999999999484e-02
9.066000000000000447e-02
1.260999999999999899e-01
1.787999999999999867e-01
1.322699999999999987e-01
1.547800000000000009e-01
1.175100000000000033e-01
1.772199999999999886e-01
1.112500000000000017e-01
1.331400000000000083e-01
9.854000000000000259e-02
1.441600000000000104e-01
1.386799999999999977e-01
1.072899999999999965e-01
1.483200000000000074e-01
1.532799999999999996e-01
1.381499999999999950e-01
1.519300000000000095e-01
1.858799999999999897e-01
1.553900000000000003e-01
1.488700000000000023e-01
1.178600000000000064e-01
1.638900000000000079e-01
1.082100000000000006e-01
1.426300000000000068e-01
1.413999999999999979e-01
1.418399999999999939e-01
1.456899999999999862e-01
2.025099999999999956e-01
1.152399999999999952e-01
1.119499999999999940e-01
1.145400000000000029e-01
1.427299999999999958e-01
1.665200000000000014e-01
1.263600000000000001e-01
1.821500000000000064e-01
1.256500000000000117e-01
1.332599999999999896e-01
1.536399999999999988e-01
1.496699999999999975e-01
1.286400000000000043e-01
1.083299999999999957e-01
1.316799999999999915e-01
9.439999999999999780e-02
1.682400000000000007e-01
1.919800000000000118e-01
1.210399999999999948e-01
1.472299999999999998e-01
1.146400000000000058e-01
1.312599999999999878e-01
1.230399999999999966e-01
1.260900000000000076e-01
1.705699999999999994e-01
1.565499999999999947e-01
1.612200000000000022e-01
1.337899999999999923e-01
1.015899999999999997e-01
1.346799999999999942e-01
1.525900000000000034e-01
1.441699999999999926e-01
1.991799999999999959e-01
1.457799999999999929e-01
1.473800000000000110e-01
1.500700000000000089e-01
1.091099999999999987e-01
1.262500000000000011e-01
1.676799999999999957e-01
1.310999999999999943e-01
1.454799999999999982e-01
1.654599999999999960e-01
1.073299999999999949e-01
1.540799999999999947e-01
1.105199999999999932e-01
1.708500000000000019e-01
9.518999999999999684e-02
1.765299999999999925e-01
1.458200000000000052e-01
9.196999999999999620e-02
1.770799999999999874e-01
1.253499999999999892e-01
1.248299999999999965e-01
1.504399999999999904e-01
1.567800000000000027e-01
1.523799999999999877e-01
1.490599999999999981e-01
1.487300000000000011e-01
1.655699999999999950e-01
1.140999999999999931e-01
1.310699999999999921e-01
1.323999999999999899e-01
1.296899999999999997e-01
1.425200000000000078e-01
1.531800000000000106e-01
1.087899999999999978e-01
1.159199999999999953e-01
9.948999999999999511e-02
9.520000000000000684e-02
1.307200000000000029e-01
1.284599999999999909e-01
1.296499999999999875e-01
1.412200000000000122e-01
1.010800000000000032e-01
1.779799999999999993e-01
1.170500000000000013e-01
1.364100000000000035e-01
9.747999999999999721e-02
1.826899999999999913e-01
1.369299999999999962e-01
1.308499999999999941e-01
1.257399999999999907e-01
1.379900000000000015e-01
1.243500000000000022e-01
1.544699999999999962e-01
1.084600000000000009e-01
1.255400000000000127e-01
8.873999999999999944e-02
1.311199999999999866e-01
9.074000000000000121e-02
1.075600000000000028e-01
1.497400000000000120e-01
1.547499999999999987e-01
7.710999999999999799e-02
1.500900000000000012e-01
1.222099999999999992e-01
1.190500000000000030e-01
1.247999999999999943e-01
1.531800000000000106e-01
1.613499999999999934e-01
1.361300000000000010e-01
1.519800000000000040e-01
9.962000000000000022e-02
1.286700000000000066e-01
1.286599999999999966e-01
1.531000000000000139e-01
1.090200000000000058e-01
1.055600000000000011e-01
1.337800000000000100e-01
1.113100000000000062e-01
1.409900000000000042e-01
1.037499999999999950e-01
8.870999999999999719e-02
1.104500000000000065e-01
1.434400000000000119e-01
1.441800000000000026e-01
1.284800000000000109e-01
1.417700000000000071e-01
9.829999999999999849e-02
9.765999999999999681e-02
1.598999999999999866e-01
1.501300000000000134e-01
1.362299999999999900e-01
8.458999999999999853e-02
1.457100000000000062e-01
1.677800000000000125e-01
1.519500000000000017e-01
1.579299999999999871e-01
1.298799999999999955e-01
1.703999999999999959e-01
1.346900000000000042e-01
1.277500000000000024e-01
1.332599999999999896e-01
1.227400000000000019e-01
1.393500000000000016e-01
1.277999999999999969e-01
8.770999999999999630e-02
1.559599999999999875e-01
1.609099999999999975e-01
1.044199999999999989e-01
1.442499999999999893e-01
1.485799999999999899e-01
1.490700000000000081e-01
1.551299999999999901e-01
1.779199999999999948e-01
1.641900000000000026e-01
1.112999999999999962e-01
1.598900000000000043e-01
1.617899999999999894e-01
1.466099999999999903e-01
1.546099999999999974e-01
1.140000000000000041e-01
1.095099999999999962e-01
1.105600000000000055e-01
1.179800000000000015e-01
1.328499999999999959e-01
1.462199999999999889e-01
1.483299999999999896e-01
1.307000000000000106e-01
1.536299999999999888e-01
1.287300000000000111e-01
1.579299999999999871e-01
1.292999999999999983e-01
1.303600000000000037e-01
1.212400000000000005e-01
1.129499999999999948e-01
1.096000000000000030e-01
1.262199999999999989e-01
1.418899999999999884e-01
1.601200000000000123e-01
1.010100000000000026e-01
1.748999999999999999e-01
1.535999999999999865e-01
1.527000000000000024e-01
1.334200000000000108e-01
9.239999999999999603e-02
1.408500000000000030e-01
1.524099999999999899e-01
1.693399999999999905e-01
1.481800000000000062e-01
1.209699999999999942e-01
1.063000000000000056e-01
1.140800000000000008e-01
1.280799999999999994e-01
1.798399999999999999e-01
1.033599999999999935e-01
1.220099999999999935e-01
1.293999999999999873e-01
1.576700000000000046e-01
1.081000000000000016e-01
1.547000000000000042e-01
1.263400000000000079e-01
1.208100000000000007e-01
1.065299999999999997e-01
1.244999999999999996e-01
1.332399999999999973e-01
1.390599999999999892e-01
1.706499999999999961e-01
1.376100000000000101e-01
1.606100000000000028e-01
1.234999999999999987e-01
1.189400000000000041e-01
1.237000000000000044e-01
1.443699999999999983e-01
1.487300000000000011e-01
1.307500000000000051e-01
1.268199999999999883e-01
9.310999999999999832e-02
1.501899999999999902e-01
1.090099999999999958e-01
9.612999999999999323e-02
1.812300000000000022e-01
1.370899999999999896e-01
1.597399999999999931e-01
1.552600000000000091e-01
1.714499999999999913e-01
9.309000000000000608e-02
1.130199999999999955e-01
1.434900000000000064e-01
1.416199999999999959e-01
1.598999999999999866e-01
1.603400000000000103e-01
1.430500000000000105e-01
1.086700000000000027e-01
1.189599999999999963e-01
6.476999999999999424e-02
1.402799999999999880e-01
1.862399999999999889e-01
1.123200000000000032e-01
1.472499999999999920e-01
1.001200000000000007e-01
6.587999999999999412e-02
1.195900000000000019e-01
1.556700000000000028e-01
1.757900000000000018e-01
1.663900000000000101e-01
1.422799999999999898e-01
1.555300000000000016e-01
1.231600000000000056e-01
1.528400000000000036e-01
1.396999999999999909e-01
1.456699999999999939e-01
1.713600000000000123e-01
1.370300000000000129e-01
1.462499999999999911e-01
1.111199999999999966e-01
1.127900000000000014e-01
1.295300000000000062e-01
9.890000000000000180e-02
1.153099999999999958e-01
1.201200000000000045e-01
1.455799999999999872e-01
1.350999999999999979e-01
1.090300000000000019e-01
1.242999999999999938e-01
1.305300000000000071e-01
1.401499999999999968e-01
1.448399999999999965e-01
1.903199999999999892e-01
1.289899999999999936e-01
1.466200000000000003e-01
1.500100000000000044e-01
1.507499999999999951e-01
1.068100000000000022e-01
1.479399999999999882e-01
1.315699999999999925e-01
1.443200000000000038e-01
1.293799999999999950e-01
1.200699999999999962e-01
1.230600000000000027e-01
2.124000000000000055e-01
1.239900000000000030e-01
1.015800000000000036e-01
1.149600000000000066e-01
1.111400000000000027e-01
9.855999999999999484e-02
1.647800000000000098e-01
1.279800000000000104e-01
1.223299999999999943e-01
1.397599999999999953e-01
1.070699999999999985e-01
1.835199999999999887e-01
1.002200000000000035e-01
8.375000000000000500e-02
1.522499999999999964e-01
1.111400000000000027e-01
1.255400000000000127e-01
9.582000000000000239e-02
1.219999999999999973e-01
1.655999999999999972e-01
1.174400000000000027e-01
1.204599999999999976e-01
1.307399999999999951e-01
1.517900000000000083e-01
1.216799999999999965e-01
1.395699999999999996e-01
1.049400000000000055e-01
1.256200000000000094e-01
1.486899999999999888e-01
1.433500000000000052e-01
9.664000000000000368e-02
1.265999999999999903e-01
1.246199999999999947e-01
8.680000000000000215e-02
1.494499999999999995e-01
1.164300000000000057e-01
1.387200000000000100e-01
7.847999999999999421e-02
9.801999999999999602e-02
1.509099999999999886e-01
1.154799999999999993e-01
1.399400000000000088e-01
1.651100000000000068e-01
1.426999999999999935e-01
1.348100000000000132e-01
1.623199999999999921e-01
1.290699999999999903e-01
1.526700000000000002e-01
1.299299999999999899e-01
1.151900000000000007e-01
1.248900000000000010e-01
1.644799999999999873e-01
1.467199999999999893e-01
1.551200000000000079e-01
1.194500000000000006e-01
1.108200000000000018e-01
1.480899999999999994e-01
1.037399999999999989e-01
1.295000000000000040e-01
1.489600000000000091e-01
1.876099999999999990e-01
1.232700000000000046e-01
1.583400000000000085e-01
1.468599999999999905e-01
1.610099999999999865e-01
1.187700000000000006e-01
1.683999999999999941e-01
8.197999999999999732e-02
1.359499999999999875e-01
1.852900000000000102e-01
1.249299999999999994e-01
1.064999999999999974e-01
1.414999999999999869e-01
1.276400000000000035e-01
1.232899999999999968e-01
1.525499999999999912e-01
1.100300000000000028e-01
1.159899999999999959e-01
1.061099999999999960e-01
5.374000000000000304e-02
1.168300000000000033e-01
1.117999999999999966e-01
1.336499999999999910e-01
1.356900000000000051e-01
1.282200000000000006e-01
1.714700000000000113e-01
1.603799999999999948e-01
1.431300000000000072e-01
1.340600000000000125e-01
1.655300000000000105e-01
1.539899999999999880e-01
1.308300000000000018e-01
9.074000000000000121e-02
1.016500000000000042e-01
1.457700000000000107e-01
1.243999999999999967e-01
1.268299999999999983e-01
1.387100000000000000e-01
1.192799999999999971e-01
1.094799999999999940e-01
1.159400000000000014e-01
1.640699999999999936e-01
1.420800000000000118e-01
1.117199999999999999e-01
1.810199999999999865e-01
1.259699999999999986e-01
1.346400000000000097e-01
1.284299999999999886e-01
1.738500000000000045e-01
1.714600000000000013e-01
1.411199999999999954e-01
1.336600000000000010e-01
1.472600000000000020e-01
1.339500000000000135e-01
1.128099999999999936e-01
1.293300000000000005e-01
1.132399999999999934e-01
1.096499999999999975e-01
1.573400000000000076e-01
9.524000000000000521e-02
1.545900000000000052e-01
1.412400000000000044e-01
1.186200000000000032e-01
8.981999999999999706e-02
1.627899999999999903e-01
1.470499999999999863e-01
1.359899999999999998e-01
1.519600000000000117e-01
1.302599999999999869e-01
1.116999999999999937e-01
1.684900000000000009e-01
1.127100000000000046e-01
1.580000000000000016e-01
1.170000000000000068e-01
1.379799999999999915e-01
1.256599999999999939e-01
1.348300000000000054e-01
1.145700000000000052e-01
8.845999999999999697e-02
1.794499999999999984e-01
1.191399999999999959e-01
1.401799999999999990e-01
1.231799999999999978e-01
1.323799999999999977e-01
1.549300000000000122e-01
1.135700000000000043e-01
1.506899999999999906e-01
1.663800000000000001e-01
1.612999999999999989e-01
1.493800000000000128e-01
1.397200000000000109e-01
9.965999999999999859e-02
1.499500000000000000e-01
1.508500000000000119e-01
1.155100000000000016e-01
1.483800000000000119e-01
1.246000000000000024e-01
8.769000000000000405e-02
1.131299999999999945e-01
1.084999999999999992e-01
1.322599999999999887e-01
1.278299999999999992e-01
1.238800000000000040e-01
1.510199999999999876e-01
1.334299999999999931e-01
1.661199999999999899e-01
9.918000000000000427e-02
1.402200000000000113e-01
1.762400000000000078e-01
1.422299999999999953e-01
1.468800000000000106e-01
1.390899999999999914e-01
1.539399999999999935e-01
1.462700000000000111e-01
1.590699999999999892e-01
1.512600000000000056e-01
1.316100000000000048e-01
1.182900000000000063e-01
1.555499999999999938e-01
1.348999999999999921e-01
1.315999999999999948e-01
1.133099999999999941e-01
1.913999999999999868e-01
1.271400000000000030e-01
1.987800000000000122e-01
1.400099999999999956e-01
1.337899999999999923e-01
1.212600000000000067e-01
1.061499999999999944e-01
1.631199999999999872e-01
1.087299999999999933e-01
1.809499999999999997e-01
1.325000000000000067e-01
1.038099999999999995e-01
1.159599999999999936e-01
2.041100000000000136e-01
1.462799999999999934e-01
1.338300000000000045e-01
1.303900000000000059e-01
1.545300000000000007e-01
1.357299999999999895e-01
1.416600000000000081e-01
1.167500000000000066e-01
9.157999999999999474e-02
1.675699999999999967e-01
1.660000000000000087e-01
1.643100000000000116e-01
1.481599999999999862e-01
1.470599999999999963e-01
1.339299999999999935e-01
1.261099999999999999e-01
7.924000000000000488e-02
1.393000000000000071e-01
1.436399999999999899e-01
1.336700000000000110e-01
8.518000000000000571e-02
1.518899999999999972e-01
1.423300000000000121e-01
1.272099999999999898e-01
1.109799999999999953e-01
1.249299999999999994e-01
7.878000000000000280e-02
1.373000000000000054e-01
1.526200000000000057e-01
1.761600000000000110e-01
1.329400000000000026e-01
1.613900000000000057e-01
1.613400000000000112e-01
1.233899999999999997e-01
1.737200000000000133e-01
1.483500000000000096e-01
1.421300000000000063e-01
1.196799999999999947e-01
1.103999999999999981e-01
1.032000000000000001e-01
1.308400000000000118e-01
1.512600000000000056e-01
1.287800000000000056e-01
1.080099999999999949e-01
1.151500000000000024e-01
1.631499999999999895e-01
1.257300000000000084e-01
1.205699999999999966e-01
1.318100000000000105e-01
1.001500000000000029e-01
1.278400000000000092e-01
1.220299999999999996e-01
1.523299999999999932e-01
1.248699999999999949e-01
1.389199999999999879e-01
9.338000000000000467e-02
1.103500000000000036e-01
9.922999999999999876e-02
1.328199999999999936e-01
1.532799999999999996e-01
1.316599999999999993e-01
1.643400000000000138e-01
1.263900000000000023e-01
1.313199999999999923e-01
1.331700000000000106e-01
1.121800000000000019e-01
1.564899999999999902e-01
8.817999999999999450e-02
1.701400000000000134e-01
1.669499999999999873e-01
1.381499999999999950e-01
1.349499999999999866e-01
1.407200000000000117e-01
1.601100000000000023e-01
1.008700000000000013e-01
1.013899999999999940e-01
1.295600000000000085e-01
1.620800000000000018e-01
1.019300000000000067e-01
1.295099999999999862e-01
1.660999999999999976e-01
9.246999999999999664e-02
1.255300000000000027e-01
1.262000000000000066e-01
1.321799999999999919e-01
1.600800000000000001e-01
1.526500000000000079e-01
1.520700000000000107e-01
1.125700000000000034e-01
1.314599999999999935e-01
1.335099999999999898e-01
1.320900000000000130e-01
1.355699999999999961e-01
1.753099999999999936e-01
1.631499999999999895e-01
1.894099999999999950e-01
1.083800000000000041e-01
1.310000000000000053e-01
1.185400000000000065e-01
1.257099999999999884e-01
1.233400000000000052e-01
1.469799999999999995e-01
1.267399999999999916e-01
1.578199999999999881e-01
1.424999999999999878e-01
1.273400000000000087e-01
1.453099999999999947e-01
1.490599999999999981e-01
9.238999999999999990e-02
