ORF	EL	corr	cons90
YDR320C-A	3.846	0.31411	0.05636
YBR248C	3.072	0.36818	0.06096
YNL158W	1.092	0.30426	0.05823
YGL100W	2.375	0.37196	0.08402
YKL146W	1.281	0.27833	0.05631
YGL209W	1.035	0.31113	0.06783
YKR025W	2.889	0.34581	0.08189
YGL171W	2.059	0.36483000000000004	0.07503
YGR106C	12.072000000000001	0.41898	0.09224
YDR512C	1.681	0.64563	0.12057
YDL124W	5.768	0.40552	0.09887
YER029C	1.72	0.34891	0.06595
YBR110W	1.032	0.2974	0.04277
YJL148W	6.303999999999999	0.42295	0.08598
YOR362C	7.354	0.40776	0.08144
YLR193C	1.433	0.32233	0.05859
YDL198C	2.736	0.36426	0.06766
YBL068W	2.676	0.371	0.07636
YMR038C	10.0	0.43641	0.09472
YOR159C	3.155	0.35701	0.07179
YOR236W	1.5590000000000002	0.35953	0.06777
YBR278W	1.75	0.34669	0.07274
YPL053C	2.17	0.33078	0.07086
YKL003C	1.994	0.31489	0.06573
YGL058W	4.887	0.39573	0.07643
YJR063W	7.432	0.36382	0.09537
YJL041W	4.5	0.40252	0.10905
YLR287C	1.909	0.37929	0.07662
YPL211W	8.071	0.39100999999999997	0.07358
YHR064C	37.967	0.46748999999999996	0.11532
YDL150W	2.844	0.315	0.07962
YIR036C	3.25	0.32996	0.10016
YLR028C	4.213	0.38529	0.07109
YKL137W	3.0580000000000003	0.37879	0.08651
YBR046C	1.9869999999999999	0.34038	0.05361
YBL004W	1.1420000000000001	0.33177	0.05763
YIR038C	2.003	0.34374	0.05555
YJR058C	1.3359999999999999	0.31268	0.04699
YDR432W	42.117	0.46415	0.16791
YMR244C-A	4.872	0.36358	0.0776
YKL183W	1.11	0.33216999999999997	0.06634
YJL117W	6.962000000000001	0.39388	0.09441
YLR183C	1.1740000000000002	0.30749	0.06065
YKL192C	17.658	0.40292	0.06589
YKL041W	1.869	0.32905999999999996	0.06672
YPL043W	4.797	0.38848	0.07726
YPL265W	5.365	0.41695	0.09528
YER019W	1.057	0.35700000000000004	0.07354
YNL160W	3.687	0.39061	0.0913
YCR002C	4.119	0.37251	0.05895
YOR065W	1.7519999999999998	0.35504	0.07407
YHR039C	1.9980000000000002	0.34064	0.06001
YJR109C	2.55	0.36963	0.07012
YIL016W	2.4619999999999997	0.31242	0.07587
YDR175C	1.442	0.32534	0.06957
YNL122C	1.669	0.47796000000000005	0.10003
YLR178C	1.2009999999999998	0.27392	0.03986
YGR202C	1.3530000000000002	0.35848	0.06961
YEL065W	3.6460000000000004	0.37537	0.06468
YGR162W	10.48	0.41241000000000005	0.08209
YMR278W	1.052	0.34726999999999997	0.08044
YHR009C	1.526	0.32998	0.06358
YNL007C	20.017	0.45087	0.11576
YOR220W	2.12	0.3532	0.06747
YFR050C	7.686	0.40187	0.07685
YDR502C	11.27	0.46133	0.1223
YKL141W	4.695	0.4259	0.09452
YDL178W	1.57	0.38072	0.06398
YEL009C	1.6119999999999999	0.3255	0.05542
YDL122W	1.168	0.33726	0.08456
YPL212C	2.6289999999999996	0.38739	0.084
YKL209C	1.517	0.35124	0.05943
YGL186C	1.774	0.34349	0.05328
YPL266W	3.97	0.36901999999999996	0.04855
YNL308C	3.622	0.40212	0.08414
YPR037C	3.049	0.30838000000000004	0.06279
YDR513W	11.069	0.39457	0.06344
YNL310C	2.295	0.33765	0.06933
YOR158W	1.3840000000000001	0.37385	0.06911
YNL292W	1.706	0.3411	0.08258
YIL063C	2.77	0.38144	0.07567
YKR006C	2.046	0.34644	0.06001
YNL243W	3.3560000000000003	0.38182	0.07709
YML105C	4.3660000000000005	0.34529	0.07104
YGL232W	2.7039999999999997	0.40266	0.06972
YOL049W	2.616	0.34246	0.0667
YPR063C	11.335	0.52283	0.17877
YOR153W	12.213	0.42636	0.0854
YER136W	6.042999999999999	0.39971	0.08731
YDR266C	1.5530000000000002	0.32644	0.05667
YBR243C	1.281	0.31619	0.05519
YGR161C	1.2819999999999998	0.27619	0.06219
YNR029C	1.016	0.30027	0.06333
YEL024W	2.5789999999999997	0.36818	0.06454
YHR089C	15.392000000000001	0.40547	0.11109
YIL116W	2.872	0.37022	0.06393
YOR098C	1.49	0.32863000000000003	0.05995
YNL123W	2.108	0.36012	0.07418
YER010C	1.1159999999999999	0.30576	0.06595
YKL143W	2.436	0.36972	0.07117
YHR016C	1.178	0.33639	0.07932
YDL060W	1.7	0.38263	0.08216
YDR188W	13.717	0.41658	0.11418
YOR370C	1.465	0.33389	0.07255
YDR412W	6.939	0.36466	0.0821
YGL027C	2.18	0.36951999999999996	0.07568
YGR128C	2.1069999999999998	0.36566	0.07758
YDR335W	1.014	0.31844	0.06782
YKL021C	1.815	0.4517	0.07646
YDR507C	1.439	0.33747	0.06227
YJR139C	25.531999999999996	0.44495	0.09655
YBR039W	7.571000000000001	0.37390999999999996	0.07485
YER149C	1.158	0.26356	0.05517
YNL312W	4.093	0.39866	0.05968
YJR034W	1.9709999999999999	0.30448000000000003	0.06252
YMR092C	4.184	0.38655	0.06789
YIL111W	1.86	0.36304000000000003	0.06604
YJL008C	8.545	0.37301999999999996	0.07238
YLR378C	16.458	0.45258999999999994	0.12463
YER004W	4.105	0.40697	0.09042
YFR002W	1.4069999999999998	0.33916	0.0741
YPR004C	2.903	0.37936	0.09611
YKL001C	1.7409999999999999	0.33518000000000003	0.07668
YJL171C	4.816	0.35446	0.07399
YMR221C	1.4240000000000002	0.36306	0.07335
YLR327C	1.824	0.25259000000000004	0.05666
YHR068W	14.909	0.45675	0.09725
YDL099W	2.461	0.36136	0.0803
YPR036W	13.825999999999999	0.42812	0.11076
YMR131C	5.4879999999999995	0.4352	0.06898
YIR012W	5.035	0.37581	0.06875
YBR158W	1.661	0.35059	0.07481
YGL153W	2.253	0.2719	0.07052
YGR266W	1.044	0.32918000000000003	0.06332
YGL108C	1.651	0.23621	0.05892
YLR245C	1.021	0.31398000000000004	0.05843
YFR001W	3.418	0.35825	0.0588
YHL004W	1.6019999999999999	0.33509	0.07321
YBL033C	1.516	0.31006999999999996	0.06671
YNR054C	2.312	0.41373000000000004	0.08086
YNL330C	1.679	0.33562	0.06415
YLR050C	2.056	0.3028	0.06741
YPL195W	1.056	0.34253	0.05915
YNL112W	12.298	0.43893000000000004	0.10171
YGR208W	3.591	0.39296	0.07967
YDL007W	7.247000000000001	0.41706000000000004	0.07371
YJL208C	1.197	0.30266	0.05008
YNL074C	1.854	0.3342	0.06445
YGR156W	1.09	0.31521	0.03658
YAL059W	5.774	0.45986000000000005	0.0676
YDL202W	1.4340000000000002	0.34117	0.07295
YPR023C	1.7530000000000001	0.3535	0.06523
YGR215W	3.426	0.44282	0.1501
YGL070C	5.4	0.31773	0.05523
YGR285C	39.172	0.45421000000000006	0.08601
YBR135W	2.9210000000000003	0.33919	0.06021
YOR232W	11.09	0.41447	0.10801
YLR225C	1.272	0.32466	0.06557
YIL039W	2.6239999999999997	0.35938000000000003	0.0747
YAL039C	1.411	0.34303	0.06475
YDR234W	2.026	0.36773	0.0859
YBL059C-A	2.1430000000000002	0.36408	0.0763
YGL167C	2.454	0.38011999999999996	0.08465
YJL076W	2.432	0.34188	0.05713
YGL120C	4.137	0.37955	0.08451
YIL040W	2.552	0.39039	0.07834
YAL046C	2.492	0.40014	0.09076
YBR022W	1.037	0.33786	0.07888
YPR190C	1.07	0.34223000000000003	0.08006
YLR058C	30.388	0.43173999999999996	0.08358
YMR183C	7.334	0.42518999999999996	0.08742
YPL019C	10.312999999999999	0.40992	0.075
YKL056C	165.34400000000002	0.47100000000000003	0.20785
YMR120C	8.261000000000001	0.40954	0.07629
YER049W	3.592	0.40826	0.07798
YPL010W	8.462	0.43578	0.08639
YKL126W	2.003	0.34460999999999997	0.06329
YDR308C	2.272	0.36733000000000005	0.07119
YPL112C	1.3219999999999998	0.34715999999999997	0.05292
YDL002C	1.8730000000000002	0.40125	0.10679
YML125C	6.357	0.39411999999999997	0.06548
YBR205W	4.575	0.35115999999999997	0.05225
YGR080W	2.2969999999999997	0.38491	0.11601
YPL084W	1.061	0.33066999999999996	0.07108
YOR287C	1.5490000000000002	0.35633000000000004	0.07659
YHR112C	1.037	0.32350999999999996	0.06947
YBR121C	17.529	0.43516000000000005	0.09654
YBR068C	4.319	0.40476	0.09529
YNL155W	2.363	0.35007	0.06955
YDL185W	31.974	0.44653999999999994	0.09962
YPL184C	2.108	0.37132	0.08338
YEL071W	15.195	0.40776	0.06182
YGR218W	4.119	0.38986	0.06973
YOL052C	2.029	0.35453	0.0688
YDR115W	4.982	0.29994	0.09171
YBR212W	1.51	0.32614	0.05872
YBR011C	76.337	0.45271999999999996	0.05677
YKL206C	1.3459999999999999	0.34247	0.04631
YEL001C	7.524	0.39666	0.0683
YJL062W-A	6.0760000000000005	0.38724000000000003	0.09487
YDR151C	1.29	0.30858	0.06458
YMR269W	1.088	0.32474000000000003	0.07138
YML036W	1.319	0.30827	0.0387
YGR169C-A	4.499	0.41481999999999997	0.10233
YPR074C	29.22	0.43806999999999996	0.12086
YLL043W	1.281	0.34051	0.05181
YER006W	6.281000000000001	0.38287	0.06045
YKL154W	1.821	0.33299	0.0678
YLR248W	2.327	0.3705	0.0608
YEL003W	5.375	0.50966	0.06091
YDR492W	1.9780000000000002	0.33516	0.06527
YHL039W	1.217	0.33953	0.06186
YGR054W	4.748	0.39652	0.06969
YHR083W	1.18	0.3358	0.07527
YPL234C	14.488	0.4011	0.03981
YER074W-A	5.496	0.5505899999999999	0.10157
YGL219C	1.455	0.33988	0.06735
YKL210W	11.884	0.41398	0.0685
YGL166W	2.1	0.28334000000000004	0.04349
YBR287W	1.821	0.32283	0.06302
YPR041W	14.797	0.44593	0.10337
YLL021W	1.5330000000000001	0.36551	0.07371
YOR184W	10.797	0.43104	0.09249
YJL130C	10.32	0.42344	0.08512
YOR094W	1.815	0.36409	0.05473
YCL059C	5.422999999999999	0.3802	0.04084
YGR268C	1.171	0.28403	0.03901
YCR036W	1.652	0.35505	0.07989
YNL247W	5.914	0.4337	0.09593
YJR132W	1.088	0.32826	0.06121
YGL082W	1.514	0.31134	0.06143
YIL083C	1.732	0.35659	0.07699
YDR083W	2.285	0.37309000000000003	0.0782
YMR128W	1.3330000000000002	0.36429	0.0603
YNL061W	3.64	0.42896999999999996	0.08593
YNL231C	4.9639999999999995	0.39205	0.08644
YOL147C	1.7890000000000001	0.33655999999999997	0.05213
YBL030C	22.02	0.39924	0.10652
YOR039W	2.8960000000000004	0.34644	0.07483
YMR044W	1.1640000000000001	0.35785	0.07138
YPL094C	5.021	0.42288000000000003	0.1013
YLR390W	1.5190000000000001	0.44506999999999997	0.08125
YDR087C	4.011	0.38845	0.07948
YFR024C-A	4.496	0.39033	0.07172
YJL010C	1.9280000000000002	0.37051	0.09178
YGR277C	1.275	0.32899999999999996	0.06973
YPR181C	7.466	0.41200000000000003	0.06569
YER070W	6.553999999999999	0.42828	0.08153
YKL185W	1.547	0.35124	0.07372
YML075C	1.128	0.30812	0.0511
YJL050W	3.3960000000000004	0.39197	0.08313
YMR203W	11.224	0.44423999999999997	0.08694
YJL055W	4.2410000000000005	0.39002	0.08042
YPR028W	20.035	0.45128	0.10529
YDR454C	21.755	0.37493000000000004	0.08162
YCR057C	1.77	0.36468	0.08289
YPR173C	1.857	0.33923000000000003	0.06453
YOL021C	1.9069999999999998	0.37251999999999996	0.06322
YBR066C	1.264	0.32743	0.05937
YHR063C	3.094	0.37308	0.08055
YOR285W	12.835	0.49243000000000003	0.11571
YOR297C	1.344	0.32163	0.05686
YJL024C	1.723	0.35441	0.07723
YOR254C	4.795	0.39036	0.06857
YEL046C	19.27	0.41797	0.08492
YDR002W	41.855	0.5279	0.22393
YDL078C	4.988	0.37454	0.0391
YLR370C	7.117999999999999	0.40541	0.08993
YIL041W	11.798	0.4561	0.10102
YGR145W	1.839	0.36002	0.07253
YLR209C	1.8730000000000002	0.35341	0.0644
YMR195W	2.39	0.38558000000000003	0.08336
YER050C	3.14	0.3702	0.08025
YJL143W	8.287	0.39427	0.0816
YFR006W	2.665	0.40123000000000003	0.08996
YDR529C	6.667999999999999	0.3653	0.05734
YNL284C	1.286	0.39747	0.07689
YKL165C	1.173	0.33363000000000004	0.06035
YNR022C	2.205	0.32006999999999997	0.05962
YOR222W	1.239	0.34085	0.07196
YPR065W	2.104	0.37176	0.08504
YHR029C	1.847	0.38616999999999996	0.08682
YGL252C	1.28	0.3406	0.07237
YDR264C	2.334	0.37596999999999997	0.05386
YDR019C	2.435	0.3805	0.09516
YOL041C	4.442	0.40494	0.07433
YDR261C	1.381	0.33921999999999997	0.06732
YCL030C	7.0489999999999995	0.42728	0.09887
YJL140W	3.424	0.37256	0.08676
YGR158C	2.117	0.39903	0.07261
YER118C	1.8359999999999999	0.366	0.073
YDR047W	2.171	0.37794	0.08107
YML074C	12.706	0.46173000000000003	0.11881
YJR093C	1.357	0.32082	0.06705
YEL048C	1.042	0.36838000000000004	0.06998
YML031W	1.4780000000000002	0.29886	0.04889
YLR208W	10.34	0.38979	0.08533
YDR119W	2.376	0.39457	0.07456
YER019C-A	15.515999999999998	0.49201999999999996	0.09262
YIL070C	3.3989999999999996	0.39107	0.09169
YDR091C	5.809	0.42198	0.08391
YBL107C	1.006	0.3756	0.06544
YHR032W	1.4869999999999999	0.32611999999999997	0.05955
YDL031W	2.063	0.34957	0.0664
YKL207W	4.948	0.40026	0.06521
YNL085W	3.373	0.38135	0.07782
YLR043C	46.3	0.46903	0.19331
YDR146C	1.212	0.32264	0.0615
YLR268W	3.752	0.32887	0.06862
YBR014C	3.022	0.30439	0.07169
YML027W	1.3219999999999998	0.31597	0.05811
YDR496C	3.7960000000000003	0.41272	0.09405
YNL175C	10.398	0.40218000000000004	0.08139
YMR226C	11.63	0.44623999999999997	0.0803
YDL165W	2.7769999999999997	0.38037	0.06027
YBL021C	1.285	0.30827	0.07432
YOR367W	2.057	0.34275	0.06555
YPL226W	7.126	0.40462	0.08685
YDR045C	4.246	0.38966	0.05763
YLR363W-A	3.466	0.29245	0.05849
YMR012W	7.271	0.40731	0.08169
YOR198C	19.499000000000002	0.44625	0.08589
YNR032C-A	3.293	0.30001	0.07832
YJR017C	9.543	0.38968	0.0618
YLR363C	1.4040000000000001	0.32442	0.07496
YPR166C	4.4319999999999995	0.33316999999999997	0.06108
YDL029W	6.093999999999999	0.42788999999999994	0.08554
YOL022C	2.571	0.37878	0.08461
YBR078W	62.753	0.5160899999999999	0.17369
YLR449W	8.776	0.41153999999999996	0.08354
YGL172W	2.325	0.3566	0.05735
YOL058W	1.7280000000000002	0.3452	0.07483
YHR121W	3.082	0.37796	0.0908
YDR056C	4.281000000000001	0.34151	0.0541
YGL213C	3.23	0.29743	0.06629
YNL227C	1.072	0.25721	0.06407
YMR263W	1.548	0.31571	0.06581
YCR069W	2.905	0.36851999999999996	0.08179
YGL130W	1.439	0.36386	0.07195
YCR093W	1.3780000000000001	0.35222	0.06451
YKR083C	1.097	0.27635	0.05569
YLR206W	1.9709999999999999	0.34394	0.07295
YML103C	1.103	0.32134	0.06135
YCR034W	7.9270000000000005	0.42994	0.07746
YDL135C	5.114	0.40498	0.09789
YDR296W	2.083	0.38127	0.05594
YGR111W	1.33	0.35013	0.07571
YHR170W	3.7460000000000004	0.4217	0.07541
YJR007W	13.729000000000001	0.43396	0.10779
YJL174W	6.117999999999999	0.40741	0.08336
YNL056W	1.1179999999999999	0.28774	0.07579
YJL033W	1.827	0.3455	0.07574
YDR152W	3.3310000000000004	0.40192	0.08106
YBR296C	1.479	0.32486	0.05358
YCR048W	2.721	0.34346	0.09177
YFL026W	8.267999999999999	0.41243	0.09173
YBR115C	2.986	0.38915	0.08863
YPR165W	18.546	0.43621000000000004	0.09729
YOR230W	13.639000000000001	0.43556999999999996	0.08784
YGR187C	3.42	0.37982	0.08747
YDL217C	1.8159999999999998	0.33468000000000003	0.07975
YKR070W	1.7519999999999998	0.35379	0.05903
YKL214C	3.03	0.32035	0.04937
YPR088C	6.362	0.3782	0.07252
YHR001W	1.868	0.34895	0.05663
YGR135W	8.035	0.4111	0.10047
YJR075W	3.681	0.38499	0.04249
YOR181W	1.2009999999999998	0.32191	0.06793
YBR286W	22.235	0.47208	0.12108
YER126C	7.144	0.42941	0.08717
YNL062C	2.113	0.36639	0.07019
YHR098C	2.354	0.36955	0.07813
YLR025W	2.937	0.31919000000000003	0.06258
YNR013C	1.6540000000000001	0.34951	0.09065
YNL015W	5.886	0.41253999999999996	0.09036
YEL055C	2.109	0.36914	0.06114
YMR298W	8.318999999999999	0.43996	0.05864
YMR130W	1.026	0.31003000000000003	0.07973
YPR114W	2.369	0.36732	0.07904
YPL163C	7.791	0.44387	0.09826
YBL056W	3.217	0.37542	0.05114
YBR061C	2.057	0.38255	0.08067
YIL140W	1.125	0.38553000000000004	0.06962
YBR035C	7.997999999999999	0.40294	0.08248
YCR035C	1.7530000000000001	0.38761999999999996	0.09266
YOL038W	8.148	0.44625	0.08004
YKL190W	4.612	0.38613000000000003	0.08421
YBR162W-A	13.449000000000002	0.34397	0.07272
YDR055W	3.928	0.37117	0.08279
YBR126W-A	28.586	0.43313999999999997	0.09475
YGR055W	5.295	0.37551	0.05169
YBR017C	2.167	0.37989	0.08033
YHR087W	1.416	0.27583	0.0554
YMR189W	1.598	0.34115	0.06253
YEL031W	5.635	0.4176	0.07535
YLR056W	15.785	0.41756000000000004	0.08396
YGL050W	1.036	0.28119	0.05499
YGL037C	9.113	0.40465	0.07682
YIL021W	7.039	0.38343	0.08738
YGR271C-A	2.282	0.36615	0.08424
YDR380W	1.115	0.31053000000000003	0.06388
YNR024W	2.286	0.31738	0.08577
YER087C-B	16.614	0.43598000000000003	0.08946
YLR347C	4.367	0.38090999999999997	0.06785
YKL009W	9.579	0.37189	0.08148
YPL048W	17.517	0.46351000000000003	0.13346
YGL054C	14.228	0.43338999999999994	0.09456
YHR008C	9.286	0.38783	0.06374
YER002W	5.822	0.41826	0.11807
YEL007W	1.4980000000000002	0.34164	0.0651
YBR263W	9.552	0.42704	0.09699
YLR438C-A	7.952000000000001	0.38786	0.04236
YHR013C	5.023	0.39191	0.0645
YJL072C	1.011	0.33662	0.0845
YNL216W	2.5869999999999997	0.35707	0.06947
YKR081C	5.888	0.43665	0.10339
YMR112C	1.665	0.41362	0.07594
YOL092W	4.25	0.39131	0.08131
YLR395C	8.531	0.35469	0.08159
YFL018C	8.343	0.40071999999999997	0.07918
YBR290W	1.047	0.3301	0.07575
YJR074W	1.577	0.46165	0.06132
YBR087W	1.608	0.32799	0.06501
YAL044W-A	7.662000000000001	0.39611	0.07068
YHL003C	3.062	0.37796	0.06569
YDL097C	7.627999999999999	0.40393	0.07986
YAR028W	1.004	0.31131	0.0756
YDR153C	2.164	0.34783000000000003	0.07091
YLR286C	29.909000000000002	0.48545	0.14688
YNL059C	1.0490000000000002	0.34565	0.0755
YLL029W	1.564	0.35965	0.04788
YGR275W	3.661	0.38425	0.04945
YOR122C	37.586	0.46865	0.12747
YDR079W	1.4809999999999999	0.35863	0.09159
YOR091W	5.083	0.40149	0.07649
YLR203C	1.768	0.33352	0.07329
YBR088C	20.684	0.46971999999999997	0.09999
YNL138W	10.001	0.39042	0.07042
YPR188C	2.56	0.41713	0.09044
YOR207C	1.345	0.34513	0.05265
YMR043W	2.397	0.32397	0.05497
YLR356W	1.382	0.34414	0.10557
YPL145C	6.3389999999999995	0.42799	0.09509
YOR246C	1.287	0.30476	0.06505
YFR049W	3.9210000000000003	0.36763	0.07011
YGL187C	5.195	0.38524	0.06333
YDL160C-A	1.93	0.28881	0.07666
YOL077C	6.563	0.42293000000000003	0.09833
YCR051W	4.61	0.37806	0.09501
YIR035C	1.548	0.30301999999999996	0.06026
YPR170W-B	71.633	0.46491000000000005	0.10791
YBR214W	1.032	0.3452	0.07194
YMR215W	4.707	0.4134	0.08594
YCR044C	1.162	0.32653000000000004	0.06549
YKL130C	2.096	0.35101	0.08001
YPL188W	1.006	0.3326	0.0698
YKL193C	1.624	0.37041	0.06557
YCR005C	3.964	0.36022	0.05667
YDL219W	3.208	0.47208	0.10878
YOR280C	1.386	0.34813	0.06534
YJL060W	2.044	0.35131	0.06239
YDL008W	1.138	0.33469	0.06565
YOR212W	2.158	0.35589	0.06705
YDL140C	3.799	0.38492	0.06015
YGR157W	3.105	0.39621999999999996	0.07159
YOR052C	4.428999999999999	0.44706999999999997	0.10168
YNL166C	2.456	0.33529000000000003	0.05997
YNL016W	19.185	0.45677	0.10597
YNL037C	9.406	0.47818	0.11393
YBR130C	1.685	0.35839	0.06959
YDR068W	1.5419999999999998	0.36268	0.09149
YDR527W	2.255	0.29516	0.08653
YJR103W	1.31	0.33323	0.06383
YOR361C	10.989	0.49678	0.10233
YDR267C	1.0959999999999999	0.33295	0.05392
YGL206C	7.749	0.41183000000000003	0.08105
YLR064W	1.651	0.37406999999999996	0.07949
YLL028W	1.413	0.36708	0.07966
YNL087W	1.6740000000000002	0.33759	0.07157
YHR074W	2.419	0.3668	0.07839
YER021W	5.09	0.37283	0.0806
YNL192W	1.048	0.34973000000000004	0.07967
YMR184W	2.24	0.30551	0.05614
YLR447C	13.457	0.44268	0.10017
YMR290C	8.433	0.38574	0.0482
YNR015W	1.1340000000000001	0.32132	0.06776
YBR120C	1.1840000000000002	0.32508000000000004	0.08537
YJL081C	1.115	0.35184	0.07763
YDL212W	7.922999999999999	0.38675	0.04724
YKR065C	5.143	0.44064	0.09397
YJL145W	4.345	0.42935	0.0852
YML085C	8.33	0.43576000000000004	0.11353
YDR184C	1.0170000000000001	0.36941	0.07127
YMR236W	4.388	0.41598	0.08037
YLR175W	16.774	0.46124	0.0897
YDR516C	2.197	0.36199000000000003	0.06811
YDL232W	8.431000000000001	0.22309	0.02499
YCR084C	3.947	0.37924	0.065
YDR032C	14.231	0.37501	0.07032
YIL064W	1.776	0.46503999999999995	0.08643
YDR452W	1.344	0.32011999999999996	0.05091
YKL085W	5.468999999999999	0.38274	0.0727
YER094C	9.806000000000001	0.39263000000000003	0.0798
YGR130C	2.532	0.36414	0.08284
YGL039W	2.778	0.39507	0.07682
YPL146C	2.481	0.38082	0.10534
YOR310C	14.549000000000001	0.52385	0.09855
YHR076W	1.617	0.33908	0.05406
YKL160W	6.728	0.3917	0.07314
YDL225W	1.953	0.36273	0.09103
YGR200C	2.0540000000000003	0.39138	0.07208
YOR340C	5.479	0.40767	0.07672
YCR047C	3.783	0.36603	0.09834
YDL173W	6.125	0.40321999999999997	0.11122
YDR347W	1.3090000000000002	0.34849	0.07928
YPL126W	2.362	0.38974000000000003	0.08722
YDL051W	19.209	0.43031	0.09558
YBR233W-A	1.558	0.33508000000000004	0.05846
YMR058W	16.679000000000002	0.41008	0.07326
YCR073W-A	2.313	0.39693	0.07872
YDL143W	8.079	0.41961000000000004	0.07983
YLR375W	1.0759999999999998	0.30063	0.0618
YKL181W	6.95	0.39628	0.0843
YCL035C	14.095	0.46853999999999996	0.10059
YBR067C	24.590999999999998	0.49393000000000004	0.13895
YHR020W	15.931	0.46908999999999995	0.07651
YER125W	3.998	0.38345999999999997	0.07855
YPL009C	1.585	0.35991	0.08671
YJL127C-B	1.097	0.22038000000000002	0.08227
YDL226C	6.452000000000001	0.42833999999999994	0.09561
YLR150W	153.07399999999998	0.47063999999999995	0.16842
YHR143W	10.911	0.47663	0.08736
YER086W	5.6370000000000005	0.38025	0.07656
YOR002W	1.286	0.35827	0.05704
YOL006C	1.4969999999999999	0.34678000000000003	0.05491
YGL201C	1.041	0.31308	0.04662
YKR080W	3.748	0.40567	0.07098
YIR037W	13.312999999999999	0.42799	0.09059
YOL057W	1.712	0.3574	0.07291
YBR137W	2.9389999999999996	0.35252	0.08415
YER143W	1.568	0.37134	0.08217
YOR326W	2.004	0.36596999999999996	0.07734
YPR110C	8.471	0.44633	0.08068
YBR264C	1.041	0.30872	0.05681
YOR323C	11.437999999999999	0.38825	0.0931
YGR078C	5.4239999999999995	0.36867	0.08222
YKL150W	2.36	0.38758000000000004	0.07492
YER009W	47.083999999999996	0.49882	0.11846
YNL207W	2.197	0.34199	0.06414
YMR261C	1.7269999999999999	0.35194000000000003	0.06991
YMR318C	13.165	0.41371	0.08459
YDR092W	6.8870000000000005	0.42896000000000006	0.07532
YLR398C	1.224	0.34905	0.06385
YDL045W-A	3.365	0.44519	0.1205
YBR029C	2.164	0.37465	0.08662
YCL057C-A	9.033999999999999	0.46626999999999996	0.08071
YDL189W	1.0490000000000002	0.32595999999999997	0.07339
YKL114C	1.8869999999999998	0.35068	0.06611
YHR199C	1.194	0.30118	0.06263
YDR324C	1.869	0.40439	0.08364
YBR151W	2.105	0.34919	0.06386
YPL105C	1.2	0.33565	0.06597
YER127W	2.5069999999999997	0.3739	0.05947
YMR292W	3.5380000000000003	0.36025999999999997	0.03939
YIR006C	3.676	0.37477	0.07373
YOR189W	2.418	0.42233000000000004	0.11797
YLR418C	2.437	0.35464	0.08642
YDR322C-A	4.812	0.38679	0.08285
YFR051C	4.579	0.42875	0.11643
YMR099C	9.616	0.44364	0.10866
YDL063C	2.062	0.3604	0.09592
YOR020C	40.617	0.41363	0.07393
YMR319C	1.409	0.35	0.08159
YAL025C	3.707	0.38402	0.05577
YIL142W	10.805	0.44506	0.10851
YNL064C	32.625	0.42691999999999997	0.09432
YGL016W	1.038	0.32463000000000003	0.04901
YKL204W	2.51	0.36409	0.06172
YDR341C	12.005	0.42341000000000006	0.07941
YMR067C	1.3419999999999999	0.33976	0.06962
YLR433C	1.158	0.33169	0.06328
YCR067C	1.02	0.35134	0.09575
YGR181W	8.908	0.43241	0.08768
YDR377W	10.47	0.35858	0.10264
YKL113C	1.681	0.34899	0.06257
YMR243C	5.412999999999999	0.3657	0.04118
YJR099W	1.41	0.32374	0.05826
YML014W	1.7469999999999999	0.38604	0.06312
YML129C	6.546	0.38776	0.07156
YLR293C	71.145	0.49932	0.15644
YBR173C	8.68	0.43383999999999995	0.0824
YGR264C	12.722999999999999	0.41903	0.06154
YHR183W	59.295	0.51279	0.12799
YMR110C	1.318	0.3459	0.06561
YGR014W	1.855	0.35954	0.07748
YMR150C	1.041	0.24499	0.0396
YMR307W	58.47	0.50047	0.1536
YLR129W	1.5759999999999998	0.33426	0.05348
YLR330W	2.428	0.35984	0.08253
YDR145W	1.794	0.35746999999999995	0.06867
YPL160W	14.295	0.43468	0.09497
YLR285W	3.278	0.37001	0.06311
YHR128W	14.370999999999999	0.41356000000000004	0.088
YDR280W	2.059	0.33855	0.08547
YMR080C	1.517	0.35831999999999997	0.06918
YER068W	1.656	0.33641	0.05729
YER048C	5.435	0.37084	0.0852
YDL053C	3.428	0.42183000000000004	0.06394
YNL078W	1.043	0.31573	0.05712
YCL034W	2.306	0.3655	0.07884
YLR257W	5.565	0.3997	0.06866
YPL098C	7.061	0.42185	0.11999
YPR144C	1.41	0.33152	0.06373
YOR085W	4.33	0.38804	0.05656
YCL001W	4.917	0.4221	0.09112
YER166W	1.0090000000000001	0.29852	0.03499
YGR279C	42.828	0.48231	0.1153
YBL038W	1.6969999999999998	0.31349	0.06511
YBL076C	17.03	0.43546	0.08415
YDR074W	1.565	0.33045	0.05957
YKL099C	2.99	0.33733	0.05222
YGR280C	2.948	0.35491999999999996	0.03308
YGR284C	6.364	0.42686999999999997	0.08508
YCR028C-A	15.907	0.47243999999999997	0.1123
YNL084C	3.957	0.3957	0.08528
YDR361C	4.372	0.4079	0.07622
YPR086W	2.61	0.37895999999999996	0.06385
YBL099W	22.045	0.40768000000000004	0.09584
YJL167W	18.011	0.41056000000000004	0.12
YMR237W	2.065	0.34091	0.05459
YEL066W	3.1310000000000002	0.30448000000000003	0.0871
YDR300C	2.7539999999999996	0.3644	0.07714
YER055C	14.489	0.41731	0.08012
YMR006C	2.6060000000000003	0.35723	0.06913
YLR304C	14.519	0.41876	0.10438
YLR181C	1.227	0.34219	0.0726
YDR337W	1.43	0.32216999999999996	0.06529
YDR016C	2.003	0.35181	0.08382
YGR049W	1.653	0.30943000000000004	0.07917
YJL063C	2.061	0.37955	0.05169
YER003C	11.671	0.43793000000000004	0.08246
YFR028C	1.2309999999999999	0.32058000000000003	0.05665
YKL216W	35.731	0.46667	0.08741
YML108W	2.293	0.34574	0.07386
YKR066C	4.506	0.37576	0.06727
YEL063C	2.114	0.38953000000000004	0.08072
YCL064C	13.822000000000001	0.45177	0.09428
YOL071W	1.227	0.3462	0.07711
YHR037W	2.122	0.33421	0.06739
YHL030W	1.0590000000000002	0.32935	0.06935
YGL190C	1.162	0.32971999999999996	0.0617
YPL117C	8.062999999999999	0.39494	0.09831
YFR042W	1.0490000000000002	0.31253000000000003	0.05624
YJR082C	1.084	0.26538	0.07907
YJR069C	7.542999999999999	0.40785	0.09475
YBR283C	8.318999999999999	0.43161000000000005	0.09539
YGR108W	1.047	0.34501	0.06974
YMR229C	5.61	0.3972	0.0769
YOR241W	1.311	0.41176	0.07308
YDL166C	3.55	0.4267	0.09799
YNR017W	5.582999999999999	0.41258999999999996	0.07126
YDR178W	3.2769999999999997	0.31046999999999997	0.06977
YOR056C	2.063	0.37915	0.09244
YEL056W	1.015	0.31034	0.06562
YCR043C	4.569	0.34413	0.06904
YMR071C	4.459	0.42391	0.09559
YOR061W	3.3089999999999997	0.3905	0.06292
YJL196C	5.329	0.42561000000000004	0.06986
YGL255W	1.7409999999999999	0.34233	0.06324
YPR069C	17.907	0.39613000000000004	0.10132
YFL016C	1.574	0.36272	0.0659
YDL046W	8.099	0.36532	0.05446
YHR069C	1.79	0.36386999999999997	0.09015
YMR116C	177.047	0.56358	0.24698
YGR033C	1.661	0.3457	0.07188
YDR281C	1.528	0.28596	0.03889
YPL183C	1.07	0.32582	0.08192
YER063W	5.4239999999999995	0.41383000000000003	0.075
YLR051C	2.636	0.34475	0.08524
YDR469W	1.36	0.32782	0.07852
YDR328C	15.548	0.42039	0.09695
YER163C	1.002	0.30879	0.07929
YOL005C	7.957000000000001	0.33373	0.06584
YOR257W	2.397	0.35239000000000004	0.06239
YPR029C	1.02	0.34141	0.07363
YER073W	5.481	0.4025	0.09348
YGL220W	4.394	0.6128600000000001	0.08316
YJL176C	1.672	0.29641	0.06627
YGR044C	1.4480000000000002	0.33444	0.06776
YDR212W	8.37	0.39858000000000005	0.08076
YCR088W	14.630999999999998	0.43343999999999994	0.08199
YOR335C	15.7	0.4122	0.08081
YBR154C	11.125	0.42305	0.09291
YOR099W	6.997999999999999	0.37618	0.08038
YJR148W	14.222000000000001	0.42223999999999995	0.10564
YKR092C	9.41	0.45315	0.12247
YOR115C	1.069	0.32373	0.07077
YER034W	1.4480000000000002	0.38005	0.08612
YBR171W	4.955	0.40155	0.07844
YGR241C	1.1520000000000001	0.28675	0.05444
YPL106C	53.968999999999994	0.47468999999999995	0.11066
YDR390C	1.016	0.33507	0.05634
YIL010W	2.928	0.35395	0.06962
YLR316C	1.018	0.25319	0.06433
YOL143C	20.645	0.4075	0.10464
YBR054W	1.149	0.31154	0.07079
YML048W	5.511	0.44446	0.10121
YCR090C	2.355	0.33641	0.06236
YNR036C	5.53	0.41738000000000003	0.0804
YDR168W	5.086	0.38592	0.08668
YBR279W	2.033	0.40131	0.08645
YCR065W	1.308	0.31333	0.04494
YER083C	3.767	0.39184	0.07329
YDL195W	5.507999999999999	0.401	0.07769
YDL193W	2.031	0.36700000000000005	0.08345
YFR010W	4.513999999999999	0.40691	0.08071
YBR230C	3.693	0.41247	0.08395
YPR058W	2.7460000000000004	0.2572	0.05447
YOR157C	8.95	0.40846	0.08199
YGR209C	51.42	0.51183	0.11894
YDR472W	1.2229999999999999	0.3379	0.08834
YGL181W	2.11	0.33229000000000003	0.06645
YOR342C	1.1640000000000001	0.30946999999999997	0.07159
YKL172W	6.7829999999999995	0.3882	0.10469
YLR387C	2.596	0.3874	0.08581
YPR016C	11.497	0.38738	0.05708
YEL060C	3.3819999999999997	0.36943000000000004	0.07609
YKR013W	12.522	0.42838000000000004	0.1296
YOL076W	1.295	0.36177	0.07177
YOR078W	2.3819999999999997	0.37459000000000003	0.07111
YKR088C	1.4809999999999999	0.35775	0.0686
YNL177C	1.735	0.29857	0.04029
YGR001C	4.665	0.45321999999999996	0.08519
YOR281C	4.043	0.37558	0.09604
YGR204W	10.198	0.40443	0.09184
YHR192W	1.2109999999999999	0.36124	0.07382
YGR240C	29.511999999999997	0.43873999999999996	0.10918
YDL116W	1.058	0.32122	0.06217
YIL158W	1.037	0.30546	0.06814
YPL260W	3.13	0.34815999999999997	0.03946
YKL052C	1.536	0.27051	0.03854
YPR129W	8.578	0.41962	0.10023
YBL006C	3.4930000000000003	0.34034000000000003	0.09423
YDR487C	8.594	0.444	0.1343
YOR007C	19.855	0.40273000000000003	0.08569
YPL086C	2.177	0.36214	0.06467
YOR259C	6.475	0.42661000000000004	0.10036
YPL217C	1.767	0.35891	0.05039
YBR026C	2.5669999999999997	0.37142	0.08948
YDL213C	5.294	0.40646	0.06409
YJR101W	1.554	0.34905	0.06827
YML106W	14.290999999999999	0.3842	0.08076
YPR112C	2.279	0.36930999999999997	0.07007
YDL181W	2.012	0.32605	0.06755
YDL093W	1.028	0.28808	0.03848
YBR288C	1.276	0.32421	0.05615
YLR113W	2.918	0.36853	0.0522
YHR115C	1.25	0.30333000000000004	0.05168
YGL148W	15.402999999999999	0.43906999999999996	0.11711
YGL014W	2.115	0.33211	0.04577
YBR109C	29.703000000000003	0.40589000000000003	0.097
YMR024W	1.23	0.36357	0.07553
YGR094W	13.368	0.45147	0.08063
YDR162C	1.167	0.29519	0.04971
YJR105W	25.875	0.46485	0.09466
YCL009C	12.095	0.38459	0.07735
YKL094W	2.128	0.3823	0.09099
YHR169W	1.433	0.31098000000000003	0.05963
YGR007W	1.662	0.36829	0.07224
YNR001C	3.9389999999999996	0.3915	0.07523
YMR260C	33.452	0.43914	0.15021
YML093W	2.369	0.35846999999999996	0.07989
YFL048C	3.3680000000000003	0.3698	0.0733
YGL068W	14.612	0.35674	0.07296
YBR016W	7.952000000000001	0.4031	0.09833
YAR002C-A	9.73	0.43128999999999995	0.08629
YDR201W	1.2830000000000001	0.35922	0.05243
YAL036C	5.821000000000001	0.36838000000000004	0.0531
YER023W	26.115	0.51549	0.15067
YER180C-A	1.244	0.36578	0.07217
YDR063W	3.4619999999999997	0.41028000000000003	0.09118
YHR122W	2.095	0.33602	0.06142
YCR020W-B	1.713	0.34337	0.07808
YKL117W	29.963	0.41803	0.10229
YNL149C	18.884	0.47323999999999994	0.12996
YPR045C	1.167	0.35181999999999997	0.07809
YBR084W	3.7039999999999997	0.38199	0.06649
YKL084W	2.7760000000000002	0.35239000000000004	0.08017
YLR439W	1.145	0.32941	0.0544
YCL031C	2.332	0.39984000000000003	0.09837
YEL026W	42.935	0.46662	0.10421
YNR061C	2.91	0.32687	0.0708
YGL055W	12.257	0.46165	0.09919
YBL069W	2.384	0.30935999999999997	0.06836
YLR120C	2.0340000000000003	0.36246999999999996	0.05644
YNL248C	6.6129999999999995	0.40264	0.07635
YBR112C	2.459	0.34009	0.05582
YBL036C	4.079	0.38342	0.07015
YGL228W	2.6719999999999997	0.38932	0.08335
YLR291C	3.15	0.35547	0.06242
YPR101W	1.14	0.32911	0.05849
YML113W	1.2	0.36475	0.07885
YMR161W	2.8489999999999998	0.39042	0.07094
YJR133W	2.331	0.32799999999999996	0.05384
YEL002C	6.851	0.44091	0.08063
YNR035C	5.401	0.41444	0.08306
YHR181W	2.354	0.3569	0.07213
YAL007C	6.836	0.40971	0.08914
YJR049C	1.013	0.34255	0.05653
YDL067C	12.593	0.48286	0.13941
YER165W	51.541000000000004	0.45856	0.14583
YHR030C	1.194	0.33732	0.06854
YNR016C	9.943	0.41881999999999997	0.07893
YJL200C	2.182	0.35418	0.07237
YML034W	1.2229999999999999	0.34354	0.05557
YDR231C	1.5019999999999998	0.25054	0.06082
YFL041W	1.7469999999999999	0.33053	0.06313
YPR145W	16.543	0.4734	0.14932
YER114C	1.29	0.32221	0.05163
YLR200W	5.301	0.25315	0.04524
YIL114C	1.088	0.32550999999999997	0.07047
YOR332W	107.12	0.52812	0.16704
YNR008W	1.157	0.32615	0.0682
YHR162W	17.218	0.42405	0.08573
YCR020C-A	2.46	0.37759000000000004	0.05877
YPL087W	1.214	0.31984	0.05463
YBR091C	2.0340000000000003	0.37416	0.06395
YMR008C	1.9240000000000002	0.31965	0.06472
YMR296C	3.228	0.38987	0.07395
YNR021W	6.606	0.43561000000000005	0.0862
YPL235W	4.283	0.37345	0.07758
YOR311C	1.84	0.33944	0.05306
YDL190C	1.228	0.30503	0.04791
YFR052W	6.805	0.3887	0.08689
YGR026W	5.377999999999999	0.37387	0.09949
YHR193C	85.411	0.46691000000000005	0.18181
YLR435W	4.989	0.37381	0.11354
YGL087C	4.236000000000001	0.42073999999999995	0.09218
YNL323W	2.3	0.34741	0.07188
YKL145W	10.957	0.40371999999999997	0.08458
YLR019W	1.114	0.34188	0.06627
YJL128C	1.145	0.33488	0.06861
YLR033W	1.107	0.34483	0.08319
YKL053C-A	4.0489999999999995	0.32995	0.06681
YER090W	8.468	0.41655	0.07308
YKR007W	1.204	0.30307	0.06018
YBL078C	1.442	0.31334	0.06034
YOR124C	1.2670000000000001	0.33389	0.06596
YLR250W	4.77	0.34167	0.02437
YPL047W	1.037	0.31581	0.04723
YGR132C	5.083	0.40579	0.07883
YGR245C	2.2159999999999997	0.35175	0.06481
YGL049C	2.371	0.3563	0.05958
YNL071W	15.630999999999998	0.40619	0.07583
YJL173C	6.12	0.39599	0.09102
YOL010W	1.6640000000000001	0.37084	0.06087
YGR193C	3.2760000000000002	0.40016	0.07733
YDR272W	3.5989999999999998	0.42078999999999994	0.08559
YPL111W	7.316	0.41478999999999994	0.0977
YPL228W	1.538	0.33136	0.04357
YIL008W	5.766	0.30319	0.05196
YKR038C	1.484	0.34437	0.06408
YBL029C-A	1.182	0.35899000000000003	0.10046
YOR261C	7.0729999999999995	0.4152	0.07514
YOL111C	6.235	0.41408999999999996	0.07276
YOR252W	3.225	0.36791999999999997	0.06113
YPR036W-A	54.11	0.49268999999999996	0.16013
YFR044C	13.655999999999999	0.42103	0.09239
YPL004C	13.62	0.38906999999999997	0.08719
YPR191W	3.4419999999999997	0.37931	0.06478
YFR003C	2.818	0.40108	0.09169
YGL026C	14.59	0.41333000000000003	0.08226
YOR117W	6.78	0.41685	0.07508
YGR147C	1.4169999999999998	0.31858000000000003	0.05545
YIL156W-B	5.63	0.42888000000000004	0.0863
YPL101W	1.5490000000000002	0.33092	0.07149
YNR050C	6.7379999999999995	0.41118999999999994	0.0736
YDR148C	4.6080000000000005	0.38706999999999997	0.06494
YJL122W	4.904	0.45863000000000004	0.11908
YEL037C	9.495	0.37372	0.04777
YHR005C	2.032	0.31858000000000003	0.05884
YNR044W	1.768	0.32783	0.06917
YPR035W	34.293	0.46355	0.11253
YPL210C	2.6189999999999998	0.39305999999999996	0.07402
YKR074W	4.364	0.4079	0.0912
YBL040C	4.155	0.4288	0.0834
YKR048C	10.199	0.41302	0.08859
YNR009W	1.2429999999999999	0.34302	0.06385
YDR211W	2.688	0.38868	0.07677
YLR276C	2.5180000000000002	0.36157	0.08276
YPR172W	2.905	0.36893000000000004	0.06643
YDR156W	6.936	0.36934	0.03536
YOR067C	1.2819999999999998	0.34299	0.06096
YLL050C	60.525	0.4811	0.14019
YLR459W	1.244	0.33207	0.06347
YBR038W	1.506	0.37978	0.06825
YML018C	1.133	0.31532	0.04446
YCR063W	1.315	0.23769	0.06615
YGL067W	1.148	0.31411	0.06229
YJR144W	2.6510000000000002	0.35319	0.07426
YGR232W	2.8169999999999997	0.39294	0.07815
YBR160W	2.267	0.36674	0.07937
YPL049C	2.023	0.3412	0.05651
YDR320C	1.0390000000000001	0.32192	0.07338
YDR372C	3.6430000000000002	0.39647	0.08881
YJL151C	17.65	0.39678	0.10148
YLL013C	1.101	0.33455	0.05739
YOL020W	1.133	0.32148000000000004	0.07125
YGR286C	1.143	0.33885	0.08067
YGL011C	8.658	0.40341	0.05832
YKL182W	17.212	0.43568	0.08613
YFL044C	1.489	0.31656	0.05679
YDR481C	4.4239999999999995	0.36644	0.06365
YGR008C	3.904	0.29930999999999996	0.06442
YNL058C	3.432	0.35247	0.0828
YER095W	1.639	0.34842	0.06742
YJL054W	1.083	0.33311	0.07976
YLR270W	2.6919999999999997	0.33245	0.06796
YFR041C	1.6269999999999998	0.3136	0.06432
YJR014W	11.234000000000002	0.42100000000000004	0.10156
YML098W	1.153	0.39793	0.08632
YML017W	2.555	0.36845	0.08756
YLR216C	28.331	0.45551	0.08827
YLR438W	12.200999999999999	0.39798	0.05858
YMR310C	1.122	0.33508000000000004	0.06474
YAL022C	1.321	0.33433	0.06154
YJR010C-A	4.336	0.38538	0.08045
YPR118W	4.1160000000000005	0.3878	0.07063
YMR216C	1.09	0.33416	0.06288
YKR020W	1.209	0.33771	0.07179
YEL015W	1.758	0.34171	0.07942
YPL067C	1.113	0.35548	0.07536
YPR143W	5.941	0.36471	0.0564
YBR234C	5.048	0.3802	0.08712
YGR276C	1.1059999999999999	0.31682	0.06342
YJL168C	1.114	0.31722	0.06445
YDR462W	3.1180000000000003	0.36901999999999996	0.08073
YKL040C	2.926	0.37146999999999997	0.07516
YBR127C	30.517	0.47223000000000004	0.11707
YKR018C	2.298	0.35146	0.07379
YOR051C	3.665	0.41208999999999996	0.11092
YOL126C	3.583	0.36268	0.08012
YDL074C	1.375	0.32532	0.06014
YLR332W	2.222	0.27458	0.06205
YGR020C	16.384	0.43244	0.1009
YER064C	2.681	0.36045	0.05671
YHR152W	2.707	0.35664	0.06546
YML012W	10.725	0.39428	0.07523
YER120W	27.671	0.41013	0.09498
YMR297W	8.847000000000001	0.42355	0.08723
YOL077W-A	5.905	0.34939000000000003	0.1076
YNL004W	1.8319999999999999	0.35980999999999996	0.06254
YGR119C	2.448	0.38361	0.06561
YHR070W	2.819	0.31523	0.07987
YBL051C	2.636	0.36025999999999997	0.07794
YKL080W	10.526	0.43327	0.08595
YPR010C	5.4479999999999995	0.40701	0.07744
YDL148C	2.376	0.3961	0.07788
YJR104C	101.78399999999999	0.46373000000000003	0.14316
YGL078C	4.477	0.37485	0.09135
YBL039C	10.93	0.41489	0.08088
YKR035W-A	7.957000000000001	0.37301	0.0671
YOR217W	1.5759999999999998	0.29751	0.05696
YDR127W	3.9360000000000004	0.3788	0.07942
YBR062C	1.557	0.37556999999999996	0.07672
YGR186W	2.214	0.38273	0.06663
YBR282W	2.905	0.32134	0.05877
YNL264C	1.758	0.34963	0.07263
YGR244C	2.835	0.37381	0.08228
YMR266W	1.893	0.37372	0.06308
YDL112W	1.099	0.3352	0.05988
YIL075C	4.976	0.39779000000000003	0.06211
YOR021C	7.7139999999999995	0.39257	0.07093
YPL170W	2.302	0.37281	0.06016
YLR335W	3.595	0.39385	0.07889
YOR001W	1.247	0.32652	0.06663
YLR040C	1.122	0.2191	0.05742
YOR327C	9.044	0.38385	0.07407
YGL200C	11.828	0.36228	0.08996
YGL238W	2.511	0.34833000000000003	0.04396
YOL067C	1.188	0.34598	0.04574
YNL186W	1.298	0.33833	0.07479
YMR086W	1.01	0.30179	0.05456
YDR476C	2.233	0.34118000000000004	0.07436
YLR100W	7.776	0.40162	0.10492
YPR119W	1.411	0.36408	0.07036
YDR441C	1.4409999999999998	0.34056	0.05488
YPL023C	1.073	0.32514	0.06429
YEL018W	1.382	0.23498000000000002	0.05734
YBL041W	10.464	0.42448	0.10189
YNL044W	11.835	0.4518	0.11092
YAL013W	1.125	0.36267	0.08134
YJR068W	2.113	0.4132	0.08117
YOR057W	1.262	0.34076999999999996	0.06916
YCL040W	5.615	0.43317	0.08291
YDR101C	3.7710000000000004	0.3933	0.07644
YNL134C	7.202000000000001	0.40783	0.07758
YCR009C	6.281000000000001	0.41293	0.06892
YNL220W	9.363999999999999	0.39835	0.0792
YCR072C	2.21	0.3695	0.10084
YPL215W	1.2890000000000001	0.31531	0.06722
YKL033W-A	4.672	0.34695	0.06638
YER124C	4.204	0.40707	0.07834
YCR077C	3.201	0.37735	0.08301
YHR163W	4.518	0.45765	0.09759
YGR175C	18.205	0.44842	0.1075
YHL007C	1.6119999999999999	0.33213000000000004	0.05681
YOR074C	3.9730000000000003	0.41156000000000004	0.09261
YCR087C-A	13.418	0.40439	0.08544
YDL086W	7.382999999999999	0.37349	0.09558
YER026C	7.193	0.39095	0.06927
YLL034C	1.4780000000000002	0.37404	0.07773
YDR035W	6.556	0.43281000000000003	0.12069
YGR173W	4.364	0.42843000000000003	0.07895
YDL121C	4.386	0.36846999999999996	0.07923
YLR163C	1.964	0.31786	0.06812
YDR410C	1.228	0.30483000000000005	0.04071
YLR314C	5.268	0.38198000000000004	0.07711
YHR201C	2.616	0.38916	0.08824
YMR004W	1.093	0.35546	0.08922
YDL205C	2.086	0.348	0.06556
YLR073C	1.168	0.36046999999999996	0.07408
YGR103W	6.417000000000001	0.42086	0.09214
YMR241W	8.697000000000001	0.41141000000000005	0.07656
YNR052C	2.0709999999999997	0.38275	0.1032
YJR088C	5.48	0.33592	0.08929
YJR073C	3.4989999999999997	0.38744	0.08102
YGL246C	1.031	0.34234000000000003	0.07391
YOR382W	24.575	0.39154	0.11222
YAL016W	5.8	0.38626	0.0788
YHR132W-A	2.823	0.33605	0.06777
YOR374W	2.69	0.37478	0.06168
YGL029W	3.418	0.3289	0.0411
YDL153C	3.2539999999999996	0.36245	0.06628
YJL123C	3.384	0.39282	0.09234
YLR222C	1.8019999999999998	0.36280999999999997	0.07919
YJR113C	3.327	0.35108	0.09874
YGR083C	2.793	0.38584	0.08239
YGR136W	9.562999999999999	0.40605	0.06786
YMR047C	1.835	0.36186999999999997	0.07182
YPR189W	1.156	0.34174	0.06685
YGR030C	1.271	0.35201	0.06588
YJL062W	1.016	0.32859	0.05787
YGR185C	14.972000000000001	0.42708999999999997	0.07764
YGR206W	1.2	0.31823	0.09046
YFR033C	2.235	0.35231999999999997	0.0936
YGR172C	4.026	0.39784	0.07068
YDL157C	6.341	0.37638	0.0775
YGL056C	1.53	0.36425	0.06985
YNR051C	1.895	0.36065	0.05848
YKL007W	4.156000000000001	0.35139000000000004	0.04867
YML007W	1.423	0.33334	0.06027
YEL040W	11.262	0.45123	0.0851
YHR191C	1.228	0.30151	0.04764
YBR058C-A	7.809	0.3508	0.05356
YDR071C	10.495999999999999	0.37556999999999996	0.07649
YGL222C	2.083	0.37099	0.09082
YOR209C	5.337999999999999	0.40589000000000003	0.09293
YCL057W	3.141	0.37754	0.0633
YBR252W	7.992999999999999	0.37544	0.08795
YGR205W	1.42	0.31418	0.07062
YGR282C	41.448	0.46703	0.10239
YOR006C	1.382	0.33736	0.06918
YJL014W	7.5329999999999995	0.40792	0.09315
YER177W	55.613	0.46893	0.1689
YBR187W	4.798	0.3667	0.05252
YKL018W	1.182	0.34896	0.08289
YER052C	4.449	0.39081	0.07052
YDR167W	2.614	0.32144	0.07193
YPL183W-A	3.483	0.31934	0.07479
YML077W	1.568	0.30906999999999996	0.05642
YDL022W	15.038	0.44495	0.13297
YER001W	1.719	0.32833	0.05913
YNR037C	3.343	0.31121	0.04954
YHR003C	1.1540000000000001	0.33305	0.05399
YGL242C	4.975	0.41767	0.06576
YMR188C	1.564	0.33773000000000003	0.08004
YDR286C	1.02	0.31132	0.06975
YLR312W-A	1.261	0.3801	0.04362
YLR348C	6.06	0.40434000000000003	0.08063
YDR309C	3.1839999999999997	0.39711	0.07587
YDR518W	2.276	0.3664	0.08306
YGL044C	1.6230000000000002	0.32545999999999997	0.05461
YLR351C	3.484	0.37786	0.07936
YNR003C	2.721	0.32681	0.08084
YBR101C	4.494	0.36367	0.05641
YLR204W	2.3409999999999997	0.33937	0.072
YDR237W	1.305	0.32256	0.04689
YMR062C	2.0069999999999997	0.37483	0.10626
YNL182C	1.339	0.33968000000000004	0.06811
YJR001W	1.838	0.35915	0.06661
YIL038C	1.931	0.3706	0.07827
YKL029C	7.292000000000001	0.38265	0.09304
YHR026W	12.651	0.42088000000000003	0.08247
YNR019W	1.764	0.36788000000000004	0.07813
YPL096C-A	1.091	0.29265	0.07639
YMR074C	7.609	0.41763999999999996	0.10478
YLR350W	4.165	0.36327	0.05998
YFR055W	4.125	0.34631	0.03799
YIL078W	26.173000000000002	0.44533999999999996	0.09958
YMR286W	2.92	0.33629000000000003	0.09483
YOR243C	2.875	0.37405	0.08798
YCR094W	1.295	0.35122	0.0504
YDL103C	3.4939999999999998	0.37188000000000004	0.07441
YGL210W	1.601	0.31238	0.06893
YNR053C	3.79	0.42923999999999995	0.10138
YMR091C	3.113	0.39826999999999996	0.06424
YDR177W	7.381	0.39277	0.09074
YLR018C	1.492	0.34978000000000004	0.03835
YJR067C	1.268	0.33349	0.05595
YAL023C	6.785	0.40204	0.07678
YMR276W	14.327	0.45361999999999997	0.10202
YIR009W	1.119	0.30813	0.05969
YJR024C	2.449	0.32079	0.04842
YGL065C	1.213	0.33514	0.06308
YBR253W	1.396	0.33783	0.05063
YKR011C	1.4280000000000002	0.35941	0.06998
YCL005W-A	38.08	0.62147	0.09509
YAL044C	17.875999999999998	0.38702	0.11475
YDR378C	7.899	0.39099	0.07907
YPR107C	1.2009999999999998	0.26995	0.02633
YMR256C	8.383	0.45006999999999997	0.06572
YDR007W	2.62	0.3325	0.07283
YPL118W	1.732	0.42552	0.09329
YOR224C	13.034	0.38159	0.04629
YKL138C	2.4730000000000003	0.32857	0.05654
YPR034W	1.5830000000000002	0.38908000000000004	0.07294
YJR142W	1.4609999999999999	0.3434	0.06876
YOR089C	3.781	0.37413	0.06896
YAL019W	1.082	0.34183	0.07257
YBR083W	1.307	0.32655	0.07679
YEL051W	13.583	0.43625	0.10987
YJL078C	2.59	0.38095	0.07367
YLR342W	8.538	0.42423	0.08183
YOR046C	8.027000000000001	0.40049	0.06272
YMR246W	9.044	0.43418999999999996	0.09982
YIL138C	8.594	0.41326	0.10591
YOR151C	2.9139999999999997	0.3857	0.07609
YDR011W	2.247	0.37581	0.07044
YDR322W	1.188	0.32623	0.07048
YGL122C	4.125	0.41458	0.08902
YPL232W	3.641	0.38456999999999997	0.08223
YIL135C	1.285	0.35983000000000004	0.06765
YOR355W	2.161	0.38128	0.08258
YOL052C-A	1.2690000000000001	0.17536	0.05559
YKR026C	2.8539999999999996	0.34273000000000003	0.05381
YGR262C	1.547	0.37025	0.07045
YFL017W-A	4.449	0.40267	0.09708
YIL043C	10.411	0.37209000000000003	0.05729
YDR367W	1.825	0.29259	0.02727
YPR010C-A	3.935	0.3832	0.05845
YMR093W	1.879	0.35702	0.07037
YDR161W	3.177	0.41257	0.10238
YER007C-A	8.424	0.41953	0.08489
YDR170C	2.68	0.37904	0.06418
YGL035C	1.4809999999999999	0.35164	0.05564
YDL015C	8.829	0.44873	0.07569
YGR195W	2.48	0.34536	0.04406
YNL079C	27.511	0.44433	0.11842
YDR037W	27.781	0.43346999999999997	0.10771
YMR134W	1.107	0.33615	0.06725
YOL012C	7.638999999999999	0.37273	0.04573
YER042W	4.815	0.40323000000000003	0.08305
YLR359W	10.274000000000001	0.42406000000000005	0.057
YLR194C	2.3930000000000002	0.39539	0.0683
YDR429C	19.413	0.45758000000000004	0.10266
YJR077C	11.347999999999999	0.4069	0.08629
YBR080C	3.1830000000000003	0.36744	0.06104
YOL070C	2.2880000000000003	0.36554000000000003	0.05107
YGR019W	1.479	0.32119000000000003	0.06221
YEL042W	5.083	0.35547	0.05973
YNL280C	2.7569999999999997	0.38203000000000004	0.08527
YER133W	10.251	0.44337	0.10567
YOR168W	12.432	0.43955	0.0938
YMR220W	1.889	0.33793	0.06962
YKL002W	1.995	0.36807	0.06919
YOL124C	1.5290000000000001	0.32413000000000003	0.05826
YLR136C	2.472	0.34041	0.05708
YOR302W	3.787	0.0	0.09913
YDR214W	7.481	0.39065	0.06817
YER043C	50.477	0.40551	0.10352
YDR028C	1.565	0.35055	0.05964
YJR032W	1.885	0.38633	0.08019
YCR016W	2.5540000000000003	0.4098	0.07366
YKR049C	1.057	0.32566	0.06571
YKL128C	3.1260000000000003	0.36453	0.07085
YMR108W	13.183	0.43015	0.08813
YPR052C	42.856	0.51017	0.08742
YML058W	38.272	0.38947	0.07979
YJR070C	24.69	0.43222	0.07047
YBL045C	3.984	0.39297	0.08159
YNR010W	1.157	0.33835	0.0794
YNL075W	3.133	0.37601999999999997	0.09075
YER016W	1.37	0.34501	0.08304
YML021C	1.125	0.35051	0.04876
YOL027C	2.3480000000000003	0.37505	0.0723
YIL062C	10.214	0.39569	0.08071
YPL091W	6.178999999999999	0.42386	0.09227
YOL002C	1.578	0.38174	0.07963
YKR082W	1.069	0.35431	0.0677
YGL025C	1.217	0.29749000000000003	0.04544
YBR254C	1.5319999999999998	0.3075	0.05804
YML053C	1.247	0.31961	0.06401
YDR060W	3.057	0.41891000000000006	0.08821
YBR249C	20.788	0.43851999999999997	0.09833
YER178W	26.15	0.42276	0.06424
YJL026W	27.398000000000003	0.45745	0.0892
YHR041C	1.284	0.34967	0.06532
YLR414C	2.679	0.39187	0.09096
YDL235C	3.5839999999999996	0.3765	0.06319
YDL066W	11.575999999999999	0.43743999999999994	0.07853
YNL129W	1.226	0.33755999999999997	0.06171
YOR027W	28.371	0.44048999999999994	0.0919
YML086C	4.484	0.38466	0.08529
YBR139W	2.0269999999999997	0.34615	0.06602
YJL203W	1.208	0.27260999999999996	0.05809
YFR034C	2.2359999999999998	0.37401	0.06862
YJL002C	5.803999999999999	0.40121999999999997	0.0589
YDR404C	3.6	0.38811999999999997	0.05708
YJL157C	1.111	0.3446	0.06208
YPR060C	3.2560000000000002	0.35608	0.07965
YGL137W	6.761	0.4172	0.09129
YBR251W	1.25	0.32934	0.07651
YKL032C	2.653	0.36023	0.0714
YLR437C	3.1060000000000003	0.33641	0.08649
YER148W	11.132	0.46313999999999994	0.1151
YFL034C-A	11.628	0.48695	0.17517
YGL253W	59.521	0.46075	0.17272
YOR187W	6.349	0.39753	0.08594
YOL088C	2.226	0.38033	0.07159
YDR451C	2.065	0.34296	0.07083
YJR022W	2.492	0.33926999999999996	0.09083
YAL035W	11.689	0.41452	0.07353
YNL327W	5.989	0.42112	0.09639
YBR049C	2.4930000000000003	0.37096999999999997	0.07362
YER107C	2.512	0.32864	0.06272
YLR214W	4.439	0.38303000000000004	0.07929
YER146W	24.377	0.40073000000000003	0.07992
YPR187W	11.222999999999999	0.45591000000000004	0.09962
YOR317W	4.423	0.37223	0.06681
YOR195W	1.006	0.32978	0.07594
YEL027W	79.357	0.45153000000000004	0.17128
YKL023C-A	1.5019999999999998	0.36043000000000003	0.09206
YLR197W	24.42	0.47306000000000004	0.1203
YGL256W	1.337	0.26242	0.06235
YGR203W	1.4769999999999999	0.33345	0.05769
YOR145C	9.832	0.38559	0.09318
YLR074C	5.922000000000001	0.37817	0.03716
YPL127C	7.271	0.39721	0.07114
YDR461W	34.23	0.32342	0.04141
YPL144W	1.6540000000000001	0.35386	0.06087
YJL194W	1.215	0.30399	0.06106
YDL042C	1.136	0.29007	0.07015
YKR071C	4.857	0.37686	0.0995
YKL024C	8.269	0.3812	0.05268
YLR199C	1.795	0.39328	0.0782
YGR191W	4.119	0.35322	0.07743
YGR163W	1.235	0.31371	0.0654
YGR079W	1.595	0.46826999999999996	0.08672
YHL031C	4.6339999999999995	0.35654	0.08024
YAL053W	1.496	0.34733	0.06939
YLR021W	1.186	0.26879000000000003	0.05461
YHR197W	1.087	0.33208000000000004	0.05596
YCL043C	35.559	0.47303	0.12399
YIL044C	2.377	0.37761	0.0812
YHL047C	2.427	0.30537	0.04765
YGL234W	12.876	0.43291999999999997	0.07532
YBR166C	1.4480000000000002	0.33066999999999996	0.05933
YGL091C	1.262	0.35291	0.08178
YHR065C	2.738	0.38906999999999997	0.07097
YNL088W	1.2790000000000001	0.37421	0.08845
YGR231C	4.093	0.42555	0.0951
YMR255W	1.554	0.36461	0.06795
YJL111W	6.414	0.3941	0.07633
YKL073W	1.621	0.33379000000000003	0.05103
YKR046C	1.218	0.32341	0.06542
YHL027W	1.485	0.33194	0.07633
YCR076C	1.133	0.30394	0.06084
YGR081C	2.5669999999999997	0.37901999999999997	0.07906
YMR152W	1.906	0.37098000000000003	0.08467
YKL013C	7.022	0.39807	0.08972
YHR179W	41.924	0.48325	0.10053
YMR208W	2.487	0.37372	0.07315
YDR116C	1.288	0.33499	0.06803
YGL195W	3.875	0.39093	0.07158
YOR320C	1.071	0.31218	0.05525
YLR002C	1.847	0.36184	0.07037
YDR245W	2.472	0.3586	0.05898
YOR270C	7.5360000000000005	0.42255	0.07149
YKL175W	2.059	0.33364	0.06587
YKL069W	2.063	0.34158	0.06004
YJL184W	3.284	0.35701	0.05566
YIL074C	3.515	0.37845	0.09859
YKL008C	3.5439999999999996	0.39211999999999997	0.08321
YGL038C	1.209	0.34328000000000003	0.09332
YIL015W	5.292000000000001	0.37711	0.07546
YOR202W	4.558	0.69193	0.14331
YLR229C	18.543	0.47148999999999996	0.17631
YKR093W	6.556	0.39941	0.08026
YNR046W	7.939	0.37944	0.06142
YGL112C	1.5419999999999998	0.32991	0.05939
YLR452C	1.2990000000000002	0.35362	0.06422
YKL196C	8.622	0.40513000000000005	0.08437
YDL236W	5.067	0.38661999999999996	0.09388
YDR463W	1.8880000000000001	0.33393	0.06224
YCR004C	11.625	0.4326	0.10045
YKL004W	2.339	0.39891	0.06421
YOL093W	1.874	0.37546	0.07494
YCL037C	16.922	0.47081999999999996	0.1
YLR380W	3.094	0.38297	0.0552
YKL100C	1.785	0.32193	0.0781
YNR049C	1.04	0.32944	0.0788
YBL042C	2.033	0.35568	0.06844
YPL243W	2.765	0.35698	0.07571
YLR066W	3.823	0.39234	0.06038
YLR003C	2.526	0.34993	0.05646
YHR019C	24.541999999999998	0.42754	0.08876
YCL010C	1.064	0.30414	0.05719
YDR411C	1.713	0.34767	0.06028
YNR030W	1.749	0.34581	0.07131
YKL195W	2.8760000000000003	0.3823	0.08155
YOL145C	1.3880000000000001	0.34861	0.06116
YHR208W	22.499000000000002	0.40543	0.09262
YBR096W	3.897	0.4044	0.09033
YDR054C	3.457	0.39365	0.09274
YNR026C	1.3980000000000001	0.35439	0.05358
YIL098C	1.1159999999999999	0.26418	0.04612
YBR256C	1.8630000000000002	0.36566	0.09639
YER044C	3.952	0.28674	0.03959
YPL207W	1.276	0.31772	0.05872
YLR052W	1.22	0.29856	0.06249
YOR272W	3.4939999999999998	0.40085	0.08761
YLR321C	2.7060000000000004	0.35554	0.08635
YMR109W	1.2990000000000002	0.33466999999999997	0.04558
YDL167C	1.002	0.33759	0.08023
YCR060W	2.228	0.32809	0.05456
YNL045W	1.96	0.36671	0.07443
YLR243W	1.6119999999999999	0.32024	0.06171
YPL256C	1.72	0.39605	0.08796
YDR395W	3.3169999999999997	0.38765	0.07564
YOL030W	7.002999999999999	0.43493999999999994	0.09042
YJR080C	1.291	0.31961999999999996	0.06844
YGL173C	4.703	0.40438	0.08918
YAL021C	1.9880000000000002	0.35359	0.0744
YDR262W	1.5	0.3251	0.06366
YLR409C	1.4769999999999999	0.34833000000000003	0.07395
YDR483W	7.077999999999999	0.4031	0.06143
YIR003W	1.274	0.32676	0.06584
YPL037C	96.46600000000001	0.46668000000000004	0.17527
YDR174W	10.056000000000001	0.46616	0.10546
YML110C	4.013999999999999	0.42133999999999994	0.08137
YJL004C	1.574	0.36567	0.07969
YFL039C	113.855	0.4999	0.12713
YPR139C	1.22	0.31218	0.06309
YDR468C	1.9369999999999998	0.31761	0.0543
YDR511W	1.544	0.34163000000000004	0.05858
YER062C	5.337999999999999	0.3995	0.08502
YOR286W	5.846	0.42111000000000004	0.08936
YLL018C-A	1.271	0.36835	0.09615
YJL205C	2.005	0.33516999999999997	0.05332
YNL255C	38.186	0.41303	0.13526
YJL080C	15.157	0.42771000000000003	0.08093
YKR001C	7.5889999999999995	0.43301000000000006	0.08178
YIL050W	1.083	0.31354	0.05719
YDR079C-A	1.6840000000000002	0.31597	0.08356
YKL157W	4.431	0.41416000000000003	0.08977
YDR293C	1.59	0.38259	0.06714
YJL154C	1.097	0.33509	0.06093
YER025W	16.494	0.41394	0.06736
YDL043C	1.1	0.29661	0.05974
YBL093C	2.3169999999999997	0.37339	0.05988
YHR190W	7.614	0.42905	0.09216
YGR220C	2.131	0.26082	0.06739
YGL097W	3.605	0.38392	0.08716
YLR078C	1.8940000000000001	0.35435	0.06754
YDR121W	2.1919999999999997	0.34269	0.05811
YLR221C	3.095	0.40255	0.08955
YLR094C	1.018	0.32971999999999996	0.06891
YBL011W	1.122	0.31084	0.05603
YLR421C	7.358	0.47118000000000004	0.09517
YDR363W-A	12.013	0.44888999999999996	0.10379
YNL156C	1.1340000000000001	0.32274	0.07239
YCR003W	1.76	0.35349	0.07309
YKL186C	2.678	0.34576	0.08124
YGR189C	9.74	0.4346	0.08889
YIL093C	1.278	0.30221	0.07637
YGR235C	2.6489999999999996	0.37628	0.06749
YPR169W	1.459	0.37287	0.09861
YBL071W-A	5.869	0.28863	0.07588
YGR005C	1.9769999999999999	0.36086	0.07304
YDL070W	1.931	0.35097	0.05449
YBR025C	36.097	0.47148999999999996	0.12103
YOL061W	4.861000000000001	0.40316	0.08258
YPR024W	1.8119999999999998	0.34645	0.06632
YNL108C	6.289	0.32852	0.06884
YMR291W	1.021	0.31753000000000003	0.07014
YML057W	1.794	0.32513000000000003	0.06054
YJL079C	3.6910000000000003	0.41518999999999995	0.07714
YBL028C	9.47	0.31363	0.09093
YIL145C	2.503	0.39293	0.08925
YOR239W	5.032	0.43123	0.08566
YPL030W	1.2109999999999999	0.3515	0.06241
YDR346C	5.3870000000000005	0.42628	0.07649
YER048W-A	5.327000000000001	0.37041999999999997	0.10565
YFR047C	2.764	0.34049	0.08056
YHR028C	1.3430000000000002	0.31788	0.04739
YNL322C	6.2620000000000005	0.40513000000000005	0.09299
YKL119C	2.001	0.31104	0.08418
YPL245W	1.006	0.32895	0.06887
YNL121C	6.14	0.37731	0.06423
YNL289W	2.269	0.33682	0.0401
YJR086W	4.224	0.30935999999999997	0.06435
YDR348C	1.8030000000000002	0.36480999999999997	0.07293
YHR110W	1.284	0.30203	0.0608
YCL028W	7.655	0.39024000000000003	0.08488
YNL173C	1.633	0.35131999999999997	0.06542
YBL024W	5.265	0.41785	0.10023
YER091C	22.443	0.44791000000000003	0.107
YPR124W	9.724	0.41381999999999997	0.13526
YBR229C	1.232	0.33712	0.06793
YHR047C	3.448	0.3762	0.06267
YML058W-A	1.633	0.28943	0.06444
YMR146C	15.41	0.44506	0.09207
YOR260W	2.478	0.37073	0.06589
YDL111C	2.158	0.37801999999999997	0.07839
YHR072W	1.208	0.28686	0.03805
YIL005W	1.244	0.33432	0.07102
YCR086W	1.225	0.28644000000000003	0.07688
YCR061W	1.2790000000000001	0.33858	0.07752
YLR089C	2.608	0.37014	0.08156
YBR172C	1.3119999999999998	0.36186	0.06752
YIR008C	1.026	0.33115	0.06995
YIL027C	3.56	0.42527	0.1243
YPL190C	3.196	0.40359	0.08924
YKL112W	2.231	0.31548000000000004	0.06493
YBR079C	8.067	0.42963999999999997	0.08456
YBL017C	1.7930000000000001	0.35774	0.07416
YEL032W	1.361	0.31085999999999997	0.03471
YMR033W	1.466	0.35279	0.06298
YHR133C	3.9960000000000004	0.37374	0.08694
YHR081W	2.595	0.40976	0.08692
YBR015C	3.32	0.38927	0.0651
YNL290W	2.095	0.36091999999999996	0.08596
YGL040C	5.455	0.38621	0.04793
YPR148C	2.7910000000000004	0.4243	0.10539
YNL001W	1.922	0.35339	0.06885
YNR043W	8.994	0.37983	0.08905
YDR292C	1.679	0.35064	0.07938
YFL004W	5.55	0.41741999999999996	0.09864
YDR538W	1.421	0.27263000000000004	0.04844
YPL055C	1.128	0.31882	0.05542
YIL035C	2.073	0.33454	0.04467
YLL022C	1.3519999999999999	0.35348	0.05947
YDL144C	1.135	0.30951	0.04565
YIL088C	1.244	0.32293	0.08246
YIL131C	1.141	0.31859	0.05277
YAR027W	1.685	0.37479	0.0972
YDR368W	7.421	0.41003	0.07347
YJL166W	9.017000000000001	0.41565	0.08793
YML092C	8.751	0.40707	0.08311
YNL265C	2.178	0.27586	0.07699
YNL124W	1.097	0.32999	0.05645
YNL110C	6.944	0.44523	0.09483
YHR113W	1.896	0.36684	0.06603
YDL110C	2.061	0.31285999999999997	0.0478
YOR216C	1.252	0.32855999999999996	0.06465
YOL094C	1.88	0.37914000000000003	0.0557
YGL106W	15.942	0.40410999999999997	0.10453
YMR009W	1.581	0.30268	0.05805
YDR517W	2.185	0.35024	0.0839
YJR051W	1.261	0.30493000000000003	0.06451
YDR525W-A	4.516	0.37834	0.08933
YBR082C	33.51	0.49749	0.12382
YHR143W-A	14.6	0.47823999999999994	0.09362
YER100W	4.485	0.40057	0.08437
YMR235C	7.016	0.41426	0.08626
YJL121C	14.073	0.39184	0.09298
YKR030W	1.0290000000000001	0.35086999999999996	0.0883
YDL160C	7.975	0.4058	0.08311
YLR192C	16.86	0.41471	0.05492
YLR328W	1.8030000000000002	0.32484	0.05686
YLR244C	14.53	0.43117	0.09216
YAL060W	2.8310000000000004	0.38119000000000003	0.08445
YDL237W	2.176	0.33154	0.06633
YHR111W	1.395	0.33016	0.06353
YNL244C	27.405	0.40981999999999996	0.07847
YGL022W	5.114	0.3579	0.06666
YPL204W	2.081	0.33823000000000003	0.04371
YOR101W	2.015	0.34979	0.06476
YGL226W	1.122	0.35141	0.10827
YHR142W	1.5319999999999998	0.31135	0.05079
YLR027C	15.397	0.44136000000000003	0.08847
YNL153C	5.4270000000000005	0.41268999999999995	0.07275
YOR014W	1.65	0.37153	0.0778
YLR154C	2.299	0.32686	0.06882
YNL229C	2.0669999999999997	0.3563	0.05804
YJL034W	19.166	0.4583	0.1487
YDR400W	1.486	0.37473	0.05991
YBL018C	1.662	0.36296999999999996	0.05468
YLR429W	5.9879999999999995	0.34719	0.04523
YGL127C	1.923	0.36096	0.0573
YGL202W	13.716	0.39257	0.06414
YNL141W	4.958	0.39521	0.07933
YJL031C	1.439	0.26625	0.0654
YPR149W	28.688000000000002	0.39513000000000004	0.08033
YGR074W	7.697	0.40847	0.08121
YBR245C	1.7009999999999998	0.39778	0.07199
YNL241C	6.138999999999999	0.41618999999999995	0.08768
YOR247W	25.298000000000002	0.4639	0.08141
YDR428C	1.068	0.32664	0.06646
YNL288W	1.7069999999999999	0.34299999999999997	0.06577
YJR002W	2.2430000000000003	0.35669	0.08833
YGR178C	3.9010000000000002	0.39546	0.07777
YKL184W	4.162	0.41092	0.08982
YJR125C	3.634	0.39989	0.08369
YAR002W	2.217	0.35944	0.09014
YML078W	15.702	0.41976	0.08422
YJR065C	6.025	0.41153999999999996	0.08707
YPR176C	1.122	0.2915	0.0558
YNL168C	3.053	0.37116	0.07463
YGL111W	2.0269999999999997	0.35836	0.07444
YPL237W	31.236	0.51025	0.11389
YJR118C	2.904	0.38428	0.10232
YBR261C	4.071000000000001	0.39843	0.08562
YGR146C	1.361	0.31956	0.06444
YFL005W	9.901	0.37667	0.08672
YDR194C	1.868	0.35977	0.06802
YER092W	2.8480000000000003	0.38253000000000004	0.07475
YBR002C	1.099	0.33013000000000003	0.05564
YHR024C	1.443	0.32079	0.06023
YGR207C	4.453	0.41046000000000005	0.09697
YPR073C	5.096	0.43764	0.12028
YLR026C	1.97	0.35285	0.06475
YER071C	1.464	0.31834	0.07776
YPR062W	14.18	0.43063999999999997	0.10857
YDR289C	1.4569999999999999	0.30787	0.05927
YOR204W	24.862	0.46074	0.11423
YOL031C	1.222	0.32569000000000004	0.06484
YIR004W	1.871	0.35888000000000003	0.07687
YNL070W	16.602	0.41751000000000005	0.07095
YBR267W	4.6339999999999995	0.32888	0.09277
YDR399W	9.396	0.38664	0.08856
YBR210W	1.412	0.35231999999999997	0.09366
YML001W	8.799	0.45855	0.08692
YOL149W	2.189	0.34123000000000003	0.0526
YGL115W	2.7889999999999997	0.3833	0.08078
YOR344C	2.8480000000000003	0.39603	0.07476
YJL125C	1.298	0.28369	0.06253
YDR189W	1.84	0.3821	0.09921
YLR357W	1.5959999999999999	0.34213000000000005	0.08186
YHL013C	1.916	0.37615	0.0696
YBL050W	4.455	0.4186	0.08682
YNL138W-A	1.547	0.3671	0.05892
YMR214W	2.845	0.37087	0.06795
YPR182W	3.925	0.33943	0.03149
YHR207C	1.064	0.32458000000000004	0.07402
YGR009C	1.645	0.32682	0.05919
YOR210W	20.289	0.46762	0.11289
YGR229C	3.79	0.35111	0.06455
YJL066C	1.8019999999999998	0.26242	0.05733
YFL045C	39.233000000000004	0.40533	0.08189
YIL117C	1.705	0.3596	0.08186
YLR093C	2.693	0.37948000000000004	0.07105
YLR196W	4.8469999999999995	0.43209	0.08433
YPL250C	2.42	0.32745	0.07205
YER089C	3.2489999999999997	0.33807	0.06628
YCL050C	16.259	0.44471000000000005	0.11258
YHL017W	1.143	0.32583	0.07068
YGR082W	7.221	0.40796	0.07552
YHR188C	1.9040000000000001	0.32414	0.04983
YOR185C	2.206	0.34781	0.0956
YOR375C	18.135	0.46763000000000005	0.1163
YBR053C	1.97	0.36943000000000004	0.07351
YKL068W	1.4480000000000002	0.34489000000000003	0.07118
YDR158W	23.269000000000002	0.41803999999999997	0.10421
YNL212W	1.296	0.33546	0.05727
YJR076C	3.112	0.36946999999999997	0.06359
YGL099W	3.094	0.39277	0.08802
YER031C	6.739	0.41986	0.09471
YHR107C	3.697	0.39416	0.0758
YFL021W	1.023	0.26821	0.04227
YER141W	1.845	0.33065	0.06945
YMR312W	1.382	0.29906	0.04792
YOR108W	3.4730000000000003	0.37369	0.0962
YBL058W	6.357	0.41197	0.07522
YMR272C	4.994	0.40865	0.07657
YKL077W	4.93	0.4299	0.08562
YLR455W	1.008	0.33725	0.07174
YPL189C-A	1.609	0.28399	0.05054
YPL046C	1.129	0.30537	0.07251
YOR215C	2.2969999999999997	0.36457	0.09445
YDL120W	3.011	0.36512	0.07746
YBL047C	3.9130000000000003	0.38813000000000003	0.07814
YJR025C	4.008	0.38123	0.07907
YDR297W	3.307	0.35704	0.07557
YMR123W	7.558	0.32988	0.05533
YDL100C	13.145999999999999	0.42636	0.09948
YBR037C	1.071	0.33888	0.07626
YOR197W	5.571000000000001	0.38832	0.0606
YML019W	1.48	0.33382	0.07131
YNL189W	8.812999999999999	0.47018000000000004	0.11213
YNL217W	1.6869999999999998	0.32259	0.06188
YPL078C	5.747000000000001	0.40076	0.08386
YLR153C	12.876	0.39838	0.09051
YKL035W	12.579	0.42213	0.08782
YCR030C	1.2	0.31668	0.06938
YDR232W	3.7030000000000003	0.40700000000000003	0.06561
YML079W	3.8710000000000004	0.42695	0.09095
YNL131W	17.526	0.43113	0.08191
YDR397C	8.743	0.38548000000000004	0.08798
YKR084C	2.0380000000000003	0.36367	0.08142
YLR295C	6.002000000000001	0.54299	0.10289
YMR027W	3.717	0.37783	0.07005
YBR058C	1.334	0.34467	0.07327
YKL063C	2.7769999999999997	0.44378	0.10586
YPL199C	4.067	0.34703	0.05709
YDR036C	1.338	0.3548	0.07496
YIL126W	1.2009999999999998	0.36645	0.079
YNL098C	5.582999999999999	0.37569	0.07389
YOR123C	2.31	0.41086000000000006	0.10054
YER030W	6.428	0.44451	0.08051
YPL173W	1.556	0.30275	0.02539
YML069W	3.946	0.3746	0.08168
YML126C	18.838	0.49643000000000004	0.1166
YOR150W	2.056	0.39985	0.06447
YPR147C	1.23	0.33993	0.06916
YDR072C	1.078	0.31944	0.05847
YDR304C	11.567	0.45382	0.10512
YNL300W	14.448	0.39121	0.06418
YDR051C	1.3359999999999999	0.34847	0.06169
YIL011W	1.2690000000000001	0.34492	0.09629
YDL161W	1.965	0.31669	0.07197
YBL026W	5.955	0.4463	0.07577
YOR048C	1.325	0.33836	0.06251
YKL018C-A	1.7830000000000001	0.33803	0.04208
YDL012C	6.051	0.4398	0.07495
YBR164C	5.439	0.38343	0.10078
YLR364W	1.057	0.28176999999999996	0.0519
YLR275W	1.798	0.36519	0.06644
YHR108W	4.757	0.38090999999999997	0.09292
YLL026W	9.734	0.4031	0.08117
YGL080W	3.431	0.39116999999999996	0.07293
YBR247C	2.667	0.34124	0.07162
YBL091C	5.899	0.40794	0.07783
YDL092W	4.752	0.368	0.07689
YLR172C	7.305	0.35865	0.05628
YOL097C	9.232000000000001	0.4243	0.07792
YPR051W	5.523	0.34448	0.07687
YBL016W	1.385	0.35296	0.05799
YBR072W	2.147	0.33766	0.08492
YER112W	3.8819999999999997	0.3865	0.05552
YMR193W	1.3019999999999998	0.33321	0.06839
YOL004W	2.0340000000000003	0.37834	0.07861
YBR056W-A	1.94	0.18688	0.0243
YML081C-A	13.468	0.39287	0.09926
YMR149W	5.825	0.42015	0.08818
YPL059W	5.984	0.39859	0.10543
YEL036C	1.609	0.36327	0.07055
YKR014C	5.011	0.37754	0.05012
YDR139C	4.699	0.45052	0.05917
YCL011C	3.8	0.37764000000000003	0.06982
YIL154C	1.3219999999999998	0.3282	0.05779
YAR015W	8.879	0.39741	0.10493
YDR298C	6.915	0.40857	0.08815
YGR251W	1.3330000000000002	0.34274	0.06881
YLR190W	1.46	0.34136	0.05691
YJL097W	5.79	0.409	0.06608
YKR062W	2.251	0.37494	0.09296
YGL084C	1.37	0.34998	0.06607
YFR004W	6.664	0.44253000000000003	0.07229
YBR085C-A	6.507000000000001	0.41534	0.07544
YCR071C	2.006	0.32204	0.06115
YLR390W-A	29.165	0.50238	0.15743
YKL054C	13.118	0.45835	0.11435
YBL102W	2.932	0.38763000000000003	0.06152
YEL050C	1.338	0.29841999999999996	0.03935
YLR186W	5.149	0.37116	0.05334
YDR365C	2.5839999999999996	0.35328000000000004	0.06395
YJR016C	20.061	0.44273	0.08413
YKL138C-A	3.3710000000000004	0.37216	0.0698
YLL023C	2.187	0.38281	0.08875
YJL020C	3.505	0.33946	0.07357
YML127W	1.635	0.34018000000000004	0.05296
YBL061C	1.21	0.30528	0.06218
YGL224C	1.023	0.29903	0.06677
YOR042W	5.67	0.31935	0.09509
YKR003W	1.361	0.32421	0.06835
YHR051W	6.332999999999999	0.39354	0.09553
YNL268W	4.124	0.41194	0.07922
YDR424C	3.931	0.51222	0.07131
YOL139C	32.541	0.40954	0.09574
YOR357C	2.819	0.40066	0.0848
YAR007C	2.932	0.37665	0.06595
YMR083W	17.248	0.41917	0.12207
YGL226C-A	7.0360000000000005	0.41517	0.09367
YBL001C	9.88	0.44527	0.12121
YIR022W	3.616	0.33184	0.05369
YDR408C	4.1930000000000005	0.37185999999999997	0.0622
YOR095C	5.0169999999999995	0.36401	0.08965
YJL053W	1.187	0.327	0.07497
YNL157W	2.6010000000000004	0.40032	0.07077
YOR119C	1.054	0.35186	0.06447
YIL109C	5.76	0.40502	0.07985
YIL118W	4.077	0.37266	0.06491
YPL218W	20.354	0.49228	0.11174
YDR354W	2.548	0.30318	0.07272
YLR262C-A	30.455	0.35572	0.12881
YNL036W	2.521	0.35006	0.06316
YJL192C	4.585	0.35454	0.06845
YEL020W-A	12.548	0.4046	0.12343
YLR146W-A	2.222	0.41151000000000004	0.08146
YER161C	1.03	0.30246999999999996	0.05225
YPL154C	13.130999999999998	0.41218	0.08391
YOR315W	2.119	0.37727	0.09275
YNL024C-A	5.688	0.35699000000000003	0.07208
YGL161C	2.339	0.35838000000000003	0.06021
YKL057C	1.032	0.31051	0.05484
YFL028C	1.508	0.33471	0.06407
YPR100W	7.678999999999999	0.36918	0.09193
YBR170C	1.435	0.3569	0.06951
YJL001W	8.735	0.48663999999999996	0.09622
YBR069C	4.359	0.40665999999999997	0.07906
YHL034C	43.071000000000005	0.48122	0.16087
YCL054W	2.437	0.3796	0.07436
YOR008C	1.818	0.33602	0.04822
YMR264W	2.464	0.32954	0.05148
YDR238C	5.336	0.4088	0.07877
YLR336C	1.036	0.33901	0.06989
YGR076C	1.745	0.3317	0.06258
YIL124W	4.1339999999999995	0.41698	0.07834
YER174C	1.454	0.32153000000000004	0.08006
YKL103C	2.523	0.36175999999999997	0.06498
YJL039C	1.099	0.34101	0.07259
YKL167C	1.9369999999999998	0.35725	0.07722
YNL307C	4.497	0.40509	0.06577
YOR103C	14.302	0.43081	0.098
YLR038C	7.992000000000001	0.42639	0.06333
YGL048C	7.117000000000001	0.44005	0.08838
YLR354C	37.355	0.43818	0.09255
YHR135C	2.591	0.35980999999999996	0.07224
YNL119W	1.068	0.26149	0.07105
YPR137W	2.761	0.35241999999999996	0.08612
YDR084C	2.6910000000000003	0.38208000000000003	0.08228
YOL135C	1.013	0.30183000000000004	0.05587
YEL058W	3.1860000000000004	0.3764	0.06198
YFL022C	13.993	0.43309	0.11032
YGL207W	4.754	0.38894	0.08753
YGR105W	8.753	0.43914	0.12401
YPL129W	5.528	0.43741	0.08629
YDR339C	3.5580000000000003	0.40209	0.04958
YGL157W	3.202	0.40255	0.07885
YMR049C	4.417	0.39616999999999997	0.08549
YIL123W	20.908	0.45564	0.0968
YMR079W	15.5	0.46408999999999995	0.08952
YMR178W	2.26	0.38604	0.07507
YBR177C	3.5860000000000003	0.33784000000000003	0.05476
YDR100W	3.628	0.3983	0.0895
YGR210C	2.339	0.38606999999999997	0.07376
YGR167W	12.812000000000001	0.38072	0.10374
YPR133W-A	16.067999999999998	0.5511	0.18158
YBL064C	2.444	0.38401	0.09821
YDR477W	1.6969999999999998	0.36673	0.059
YNR018W	6.159	0.39088	0.07063
YPR108W	6.209	0.38618	0.07117
YPL227C	1.517	0.31916	0.054
YDR405W	1.3330000000000002	0.30218	0.05674
YOL019W	1.093	0.35063	0.08689
YOL146W	1.265	0.35059	0.09326
YBR056W	1.4809999999999999	0.33947	0.0619
YGL191W	9.429	0.38516999999999996	0.07153
YNL104C	9.441	0.40698	0.06906
YML115C	1.9780000000000002	0.35406	0.0717
YNL055C	44.927	0.46043999999999996	0.10216
YBR198C	1.325	0.31599	0.04935
YKL068W-A	3.016	0.32781	0.07591
YOR142W	6.507999999999999	0.38999	0.08269
YMR217W	22.601	0.43728	0.0997
YNL113W	19.602999999999998	0.42445	0.08259
YNL219C	1.653	0.36025	0.07041
YGL105W	29.636999999999997	0.45225	0.09651
YOR251C	2.972	0.34381	0.08514
YFR025C	1.093	0.34128000000000003	0.06923
YML100W	1.133	0.29939	0.0475
YAL030W	3.147	0.39561	0.07062
YDL040C	3.64	0.39849	0.07979
YJR060W	4.545	0.41805	0.08775
YLR179C	18.272000000000002	0.43406999999999996	0.08098
YCR083W	2.5469999999999997	0.35923	0.08492
YDL168W	5.78	0.38616999999999996	0.07887
YKL104C	4.699	0.40776999999999997	0.08732
YKL096W	10.312999999999999	0.39157	0.07679
YJL172W	6.0920000000000005	0.37766	0.0709
YNL090W	4.31	0.32169000000000003	0.06474
YDL055C	78.288	0.44268	0.12966
YIR011C	1.37	0.29541	0.05468
YKL006C-A	1.787	0.34643	0.06522
YER168C	1.206	0.37426	0.0959
YBR265W	2.0780000000000003	0.39154	0.07423
YPL252C	6.562	0.36772	0.07965
YDL064W	5.431	0.39349	0.08065
YML004C	6.992000000000001	0.36013	0.03841
YBR199W	2.2880000000000003	0.37637	0.06822
YDR519W	5.472	0.38445999999999997	0.05762
YKR085C	2.571	0.31779	0.05166
YGL028C	5.15	0.40279	0.07783
YPR180W	1.193	0.34823000000000004	0.06954
YKL014C	1.01	0.33796	0.06145
YIL019W	1.508	0.34934	0.05955
YBR236C	1.266	0.35001	0.07492
YDR001C	1.3	0.32455	0.04267
YBR111C	6.528	0.49806000000000006	0.12357
YML101C	2.003	0.35962	0.05655
YGR063C	11.864	0.39633	0.06018
YAL042W	8.471	0.4338	0.09184
YDR192C	1.3969999999999998	0.27316	0.0772
YOR176W	3.424	0.42131	0.07599
YML035C	2.1590000000000003	0.37034	0.07869
YLL001W	1.446	0.34110999999999997	0.06486
YIL103W	1.192	0.33264	0.06763
YNR028W	1.3	0.34752	0.08064
YML052W	5.5889999999999995	0.35949000000000003	0.05517
YLR059C	1.8090000000000002	0.41218	0.07781
YGR123C	3.696	0.39544	0.09052
YHR072W-A	30.186999999999998	0.54361	0.12647
YGL043W	6.021	0.38004	0.08318
YGR152C	1.3159999999999998	0.5464600000000001	0.04678
YJL179W	3.928	0.35778000000000004	0.08457
YML030W	1.585	0.32553000000000004	0.07125
YMR072W	14.648	0.39245	0.08737
YPR103W	8.384	0.39046	0.09157
YJR015W	3.85	0.39226	0.08373
YMR295C	25.21	0.48812	0.14072
YOL102C	1.3659999999999999	0.33808	0.07766
YOL090W	1.376	0.35389	0.0595
YGR155W	28.706	0.45273	0.10968
YDL128W	3.2239999999999998	0.376	0.09172
YBR162C	18.129	0.42439	0.08257
YIL076W	5.5120000000000005	0.38048000000000004	0.05536
YER154W	1.253	0.31621	0.06695
YNL035C	1.4280000000000002	0.32811	0.08592
YDR434W	1.584	0.34983000000000003	0.07595
YDR497C	3.9610000000000003	0.37566	0.08543
YGL012W	8.908	0.40922	0.08316
YBR230W-A	1.966	0.31015	0.05576
YCR097W	1.8430000000000002	0.39771999999999996	0.05862
YPL012W	2.417	0.35276	0.06786
YOR303W	1.429	0.34016	0.0768
YBR244W	7.614	0.35994	0.09365
YNL099C	2.041	0.37079	0.05211
YDR226W	59.475	0.40053	0.10105
YJL186W	3.315	0.37369	0.06358
YDL052C	3.79	0.3802	0.0846
YHR147C	1.682	0.33186	0.06741
YLR009W	8.386000000000001	0.49077	0.11602
YLR361C-A	1.9880000000000002	0.3876	0.06584
YDR099W	25.079	0.46981000000000006	0.13219
YNL100W	1.224	0.31765	0.07528
YMR145C	3.1839999999999997	0.37701999999999997	0.06626
YGL225W	14.103	0.44076000000000004	0.08229
YJR042W	1.216	0.33363000000000004	0.06746
YER134C	3.4730000000000003	0.2689	0.07457
YDR394W	5.024	0.40547	0.06494
YCR052W	1.9669999999999999	0.36136	0.10409
YAR014C	1.172	0.3122	0.04886
YKL058W	3.477	0.33860999999999997	0.05817
YPR133C	3.525	0.41007	0.08989
YML008C	17.279	0.47283000000000003	0.12591
YNL162W-A	1.082	0.28872	0.0867
YLR118C	2.4730000000000003	0.37786	0.10191
YKR008W	1.368	0.36219	0.07159
YKL144C	1.8519999999999999	0.34494	0.07357
YLR034C	2.59	0.39769	0.06819
YNL306W	2.9210000000000003	0.37385999999999997	0.05413
YJL068C	3.571	0.38269000000000003	0.05918
YGL019W	3.069	0.34739000000000003	0.07252
YDL047W	2.6210000000000004	0.41926	0.08396
YML130C	2.325	0.36415	0.09592
YNL118C	1.399	0.33935	0.07806
YER145C	9.001	0.40314	0.07313
YMR308C	3.0989999999999998	0.37704	0.07504
YDR381W	24.139	0.48117	0.10601
YGR267C	3.97	0.40803	0.09803
YDR299W	2.256	0.35664	0.08269
YOR004W	2.73	0.37146	0.07228
YLR384C	2.425	0.39485	0.08205
YGR035C	1.365	0.28385	0.06298
YML094W	8.843	0.46408	0.12591
YNL072W	1.031	0.28462	0.06904
YOR132W	1.061	0.33021	0.05838
YHR088W	3.134	0.39165	0.05572
YKL016C	7.943	0.3516	0.05785
YHR052W	4.992	0.40853	0.09418
YLR399C	3.122	0.37721	0.06609
YNL135C	53.438	0.46478	0.12956
YPL246C	3.2939999999999996	0.36213	0.06365
YCR053W	21.206999999999997	0.50425	0.12859
YBR041W	1.16	0.32294	0.06831
YNL010W	16.741	0.41797	0.11884
YKL170W	5.416	0.34496	0.07207
YBR034C	5.002	0.42667	0.10132
YIR034C	2.945	0.35657	0.07496
YIL094C	7.229	0.41978000000000004	0.10603
YJL133C-A	6.4079999999999995	0.51045	0.16104
YER067W	2.479	0.23483	0.04784
YGL129C	1.0170000000000001	0.31545	0.06372
YDR190C	5.781000000000001	0.37676	0.04318
YJL104W	3.41	0.39104	0.07846
YMR200W	3.697	0.39236	0.07616
YJR121W	14.526	0.37777	0.04505
YER072W	58.534	0.48276	0.16816
YHR025W	10.854000000000001	0.4301	0.08282
YNL132W	2.8510000000000004	0.37228	0.08408
YOL123W	8.68	0.40097	0.05612
YPL274W	2.275	0.37531	0.07645
YPL032C	1.641	0.35026999999999997	0.06116
YDR171W	1.082	0.33915	0.08724
YBR142W	1.4569999999999999	0.35499	0.06647
YOR125C	1.204	0.32486	0.07032
YDL123W	1.2590000000000001	0.28535	0.07319
YIL009W	1.078	0.31685	0.065
YOR298C-A	46.052	0.42921000000000004	0.10906
YFL038C	20.508000000000003	0.41881	0.07639
YGL231C	5.048	0.35608	0.05761
YIR026C	1.835	0.38086	0.08596
YLL018C	21.974	0.45803	0.11842
YKL135C	1.294	0.27476	0.07155
YKL039W	3.1210000000000004	0.384	0.06744
YEL044W	2.542	0.38623	0.06571
YNL208W	28.334	0.4673	0.1433
YDR044W	4.204	0.4165	0.08983
YDL088C	1.051	0.33715	0.07087
YIL115C	1.9880000000000002	0.35303	0.07974
YOR253W	4.229	0.40639000000000003	0.08936
YPR075C	2.537	0.32494	0.08873
YDR023W	29.183000000000003	0.45423	0.09188
YML055W	2.377	0.41334	0.08561
YHR196W	1.805	0.36003	0.07551
YPL099C	1.003	0.28728000000000004	0.04635
YJR044C	3.595	0.3659	0.08212
YML070W	5.27	0.42585	0.09882
YER156C	5.377000000000001	0.40912	0.06444
YBR106W	37.266999999999996	0.47646000000000005	0.1555
YDL145C	4.753	0.41928999999999994	0.08154
YCL055W	1.271	0.34021	0.07719
YDR033W	40.375	0.47013999999999995	0.1392
YIL137C	1.9869999999999999	0.36626	0.07092
YDR461C-A	1.881	0.33443	0.07319
YFR037C	5.736000000000001	0.39139	0.10707
YLR049C	1.088	0.30633	0.06802
YGL203C	1.5519999999999998	0.33064	0.06327
YMR311C	3.907	0.38771	0.07739
YER088C	1.8559999999999999	0.36007	0.06852
YHR146W	7.412999999999999	0.42916000000000004	0.09378
YBR149W	6.442	0.41862	0.07744
YEL013W	3.147	0.37782	0.07081
YHR039C-A	36.635999999999996	0.47071999999999997	0.20275
YBL032W	5.734	0.46863999999999995	0.10611
YNL050C	1.327	0.34856	0.06263
YBR086C	2.545	0.36704000000000003	0.07418
YFL013C	1.61	0.27965	0.07278
YNL222W	1.4080000000000001	0.36646	0.06964
YOR194C	2.305	0.36429	0.07492
YHL040C	1.3430000000000002	0.3178	0.07927
YPL061W	80.35600000000001	0.49513	0.14069
YDR117C	1.304	0.34321	0.06393
YLR180W	27.514	0.47791000000000006	0.11992
YLR008C	3.8680000000000003	0.4205	0.09559
YOL129W	4.684	0.42302	0.10389
YBR202W	1.111	0.33155	0.0706
YDR398W	2.184	0.3684	0.08195
YNL263C	3.615	0.3607	0.06267
YNL005C	1.235	0.31982	0.07545
YBR104W	1.546	0.34752	0.0737
YIL034C	3.918	0.39496	0.10309
YPL057C	1.182	0.31209000000000003	0.07712
YDR510W	36.219	0.42206000000000005	0.06314
YNL066W	10.089	0.43646	0.07661
YNL197C	1.365	0.33915	0.07194
YHR001W-A	4.681	0.44869	0.09398
YBL057C	2.419	0.39753	0.07519
YKL025C	1.15	0.34268000000000004	0.06126
YJL011C	2.4619999999999997	0.3456	0.08863
YBR077C	2.046	0.31666	0.03806
YMR197C	2.656	0.34392	0.06838
YOL016C	1.23	0.34147	0.07236
YHL011C	6.949	0.41648999999999997	0.08894
YNL151C	2.525	0.36804000000000003	0.05831
YDR456W	1.615	0.29621	0.03247
YER183C	1.2770000000000001	0.34021999999999997	0.06351
YKR068C	2.758	0.36156	0.07335
YPL271W	13.225	0.45087	0.09909
YPL181W	1.42	0.31737	0.0481
YCL045C	5.119	0.37490999999999997	0.06412
YDL241W	1.225	0.37294	0.09826
YDR357C	1.158	0.30666	0.06337
YGR024C	1.15	0.30503	0.03997
YBR269C	2.822	0.37566	0.07857
YGR061C	7.352	0.39671999999999996	0.07326
YOR069W	1.7630000000000001	0.31296999999999997	0.07803
YLR301W	15.061	0.43917	0.09235
YHR200W	7.365	0.4248	0.09087
YKL106W	1.1059999999999999	0.31624	0.03432
YDL227C	1.932	0.34136	0.04846
YDL130W-A	3.594	0.33418000000000003	0.09858
YJL124C	5.5920000000000005	0.42700000000000005	0.08164
YER151C	1.8119999999999998	0.35835	0.06712
YNL002C	6.832000000000001	0.38418	0.08274
YDR331W	1.4969999999999999	0.34493	0.07304
YIL065C	2.11	0.35600000000000004	0.06547
YKL127W	4.67	0.37409000000000003	0.07607
YOR164C	4.9910000000000005	0.39458000000000004	0.08701
YGL009C	23.984	0.43149	0.08338
YFL014W	4.572	0.29595	0.07177
YDR302W	1.864	0.36707	0.06827
YLR126C	1.186	0.30315	0.06166
YOR276W	54.941	0.55516	0.11541
YGL077C	2.727	0.35989	0.05041
YPL013C	2.926	0.34142	0.0723
YGR165W	1.156	0.34503	0.07176
YHR175W	2.274	0.49505	0.13071
YMR022W	5.013999999999999	0.36209	0.05277
YJR085C	10.569	0.42198	0.06867
YMR015C	4.8469999999999995	0.39626999999999996	0.07482
YPL128C	1.001	0.32039	0.05584
YGL001C	4.166	0.38374	0.07763
YOR131C	1.745	0.35718	0.07796
YLR372W	12.38	0.44082	0.06986
YBR126C	6.74	0.40155	0.08321
YHR123W	1.537	0.3681	0.05844
YER027C	3.312	0.36765	0.04948
YMR005W	1.5319999999999998	0.34981	0.06307
YGR211W	6.903	0.40806	0.08793
YOR109W	1.2109999999999999	0.32101999999999997	0.06095
YDR486C	2.276	0.34825	0.09543
YKL110C	1.5959999999999999	0.35475	0.06511
YDR353W	22.945	0.46388	0.11226
YKL179C	1.15	0.33185	0.07128
YNL081C	2.839	0.3284	0.06433
YLR079W	2.003	0.3417	0.06969
YOL158C	2.5340000000000003	0.34107	0.06492
YDR129C	9.951	0.43035	0.07569
YOR016C	2.267	0.32882	0.07668
YKL082C	4.953	0.355	0.08653
YHR012W	1.801	0.35685	0.05925
YLR065C	2.377	0.35662	0.07017
YLR256W	1.141	0.36136999999999997	0.07389
YHR007C	16.01	0.41222	0.0814
YLR147C	2.687	0.3908	0.11013
YMR309C	7.835	0.42916000000000004	0.08893
YMR238W	2.055	0.32532	0.07194
YDR284C	2.096	0.33634000000000003	0.08158
YFL034C-B	1.306	0.34393	0.06259
YNL287W	5.322	0.40904	0.08112
YPR131C	1.8880000000000001	0.3188	0.06702
YPL177C	2.737	0.3711	0.05569
YIL004C	2.032	0.43626000000000004	0.08207
YLR088W	1.3459999999999999	0.34115999999999996	0.04829
YPR033C	10.147	0.48084	0.09063
YKL088W	1.033	0.32559	0.07778
YLR017W	3.8710000000000004	0.40446	0.06549
YLR195C	3.115	0.38383	0.08143
YLR397C	1.1	0.32226	0.05701
YOR171C	1.536	0.32555	0.06039
YNL232W	2.6460000000000004	0.37788	0.09406
YOL051W	1.2590000000000001	0.29101	0.0562
YHR137W	3.556	0.39992	0.11662
YIL051C	77.146	0.49633999999999995	0.15086
YGL101W	2.4459999999999997	0.32759	0.06856
YOR086C	1.851	0.34348	0.07288
YNL246W	1.72	0.34783000000000003	0.06298
YGL198W	6.712000000000001	0.38602	0.10162
YPR113W	8.402999999999999	0.40406	0.08911
YAL012W	38.157	0.47463999999999995	0.12392
YBR207W	1.329	0.32826	0.06413
YGR177C	1.2990000000000002	0.31579	0.07841
YBR233W	1.3359999999999999	0.28989000000000004	0.08162
YOR045W	11.402000000000001	0.48423	0.11588
YNL239W	4.395	0.38952	0.08015
YIR001C	1.8319999999999999	0.36212	0.0718
YDL004W	9.085	0.38183	0.07803
YGL041W-A	4.301	0.33166	0.1056
YDL072C	6.175	0.3972	0.08462
YNL130C	2.9010000000000002	0.38911999999999997	0.05339
YPL050C	3.148	0.37343000000000004	0.05709
YER099C	2.0869999999999997	0.36738000000000004	0.0818
YHR136C	4.765	0.5596800000000001	0.08921
YDR294C	1.876	0.36584	0.07254
YGR084C	1.0590000000000002	0.41086000000000006	0.07655
YGR029W	1.837	0.38841	0.06788
YCL017C	3.4789999999999996	0.38204	0.06583
YDR062W	3.5869999999999997	0.36511	0.06157
YHL002W	2.155	0.2992	0.06464
YKL212W	6.289	0.41013999999999995	0.08608
YPL267W	1.25	0.34722	0.09426
YFR053C	3.635	0.45006999999999997	0.08614
YDL126C	22.979	0.45482	0.09642
YOL133W	9.022	0.44278999999999996	0.09509
YIL022W	2.403	0.36980999999999997	0.07414
YPR098C	1.966	0.36294	0.08548
YHR050W	1.064	0.35411	0.06543
YDL171C	3.3560000000000003	0.3733	0.06309
YIL091C	1.3330000000000002	0.35927	0.07981
YDR144C	1.9680000000000002	0.3635	0.07116
YNL315C	1.4509999999999998	0.35015	0.07233
YNL180C	1.266	0.35274	0.06122
YBR074W	1.073	0.33946	0.08569
YHR114W	1.067	0.32455	0.04188
YJL109C	1.594	0.35395	0.07103
YOL151W	3.2539999999999996	0.29441999999999996	0.0723
YER122C	5.653	0.37715	0.08622
YLR231C	2.952	0.36044	0.07643
YDL147W	7.2989999999999995	0.4076	0.09151
YDL164C	1.135	0.28826999999999997	0.0579
YIL030C	1.807	0.31368	0.06156
YJL012C	11.865	0.42377	0.07742
YPL031C	1.975	0.38261999999999996	0.08109
YNR067C	3.2889999999999997	0.37163	0.07797
YPL231W	15.964	0.44869	0.09466
YGR086C	24.095	0.44256999999999996	0.08123
YPL028W	18.212	0.45076000000000005	0.10015
YPL135W	11.314	0.4497	0.08589
YLR292C	4.789	0.41312	0.06142
YLR170C	7.731	0.33321	0.0753
YGR124W	19.652	0.48439	0.13921
YOL059W	5.697	0.4843	0.08109
YCL044C	1.043	0.35578000000000004	0.05933
YDR493W	1.811	0.32295	0.05847
YDR531W	1.406	0.34561	0.08567
YHR187W	1.099	0.32356	0.05368
YAL049C	2.983	0.36816	0.06567
YLR300W	16.633	0.42328000000000005	0.08215
YPR020W	4.152	0.42055	0.06449
YMR125W	2.5780000000000003	0.39002	0.0677
YHR018C	3.275	0.37199	0.07286
YLL011W	1.8880000000000001	0.35186	0.07254
YLR104W	1.892	0.37246999999999997	0.09461
YDL065C	2.374	0.31972	0.04676
YPR072W	2.958	0.38335	0.08388
YOR175C	2.164	0.37555	0.07036
YLR413W	9.519	0.43849	0.09993
YJR064W	7.7829999999999995	0.41386999999999996	0.11039
YDR539W	1.026	0.30614	0.0573
YPL093W	4.773	0.38882	0.06179
YBR196C	88.12799999999999	0.45018	0.13865
YML022W	13.798	0.38484	0.08658
YDR046C	2.305	0.37106999999999996	0.07396
YHL021C	1.452	0.3561	0.06806
YLR220W	1.879	0.38661	0.08375
YOR304C-A	1.153	0.27219	0.07137
YLR410W	2.825	0.36564	0.06132
YOR264W	2.9	0.34749	0.08717
YMR205C	28.96	0.42822	0.1109
YBR262C	1.93	0.35097	0.07642
YJL134W	1.34	0.36417	0.05868
YLL041C	1.7180000000000002	0.36184	0.08146
YMR011W	11.017000000000001	0.43671000000000004	0.09835
YMR122W-A	52.396	0.5052	0.09975
YPR198W	1.369	0.2788	0.07588
YIL033C	3.611	0.39353	0.09667
YGL221C	4.185	0.39554	0.07705
YKL027W	1.101	0.34387	0.06784
YGR234W	31.756	0.39523	0.08799
YML131W	1.306	0.31778	0.05304
YML010W	7.0729999999999995	0.3234	0.03331
YJL069C	1.849	0.38414	0.07975
YHR005C-A	14.862	0.45447	0.10122
YGL244W	3.0810000000000004	0.36977	0.08019
YLL048C	1.5819999999999999	0.34599	0.06695
YHR060W	1.777	0.38173	0.06977
YBR111W-A	1.7480000000000002	0.43001999999999996	0.12811
YKR060W	1.3119999999999998	0.29677	0.047
YEL047C	5.247999999999999	0.39252	0.08833
YCR046C	2.7680000000000002	0.37990999999999997	0.07444
YGR090W	1.646	0.34983000000000003	0.06133
YJL178C	3.4989999999999997	0.39832	0.06881
YNL252C	1.419	0.3444	0.06533
YBL022C	2.595	0.36235	0.05874
YCR017C	1.706	0.3569	0.05519
YHR104W	3.8310000000000004	0.42255	0.09146
YGR048W	1.5630000000000002	0.3358	0.06606
YGR159C	39.817	0.4693	0.12677
YKL166C	1.047	0.31889	0.06746
YMR305C	11.892000000000001	0.48417	0.064
YKL067W	12.307	0.42838000000000004	0.06898
YMR300C	3.718	0.41353	0.08437
YOR128C	3.298	0.39296	0.07823
YLR201C	1.4780000000000002	0.30332	0.10133
YBR242W	1.719	0.35277	0.06824
YPL178W	4.863	0.4075	0.08278
YOR226C	9.802999999999999	0.37604	0.07215
YDL132W	1.5130000000000001	0.33266	0.04515
YBR273C	1.57	0.32311	0.05747
YOR271C	7.406000000000001	0.4116	0.09237
YLR355C	122.262	0.49841	0.18202
YMR314W	7.8420000000000005	0.40424	0.11021
YMR225C	2.52	0.4359	0.07801
YMR031C	2.147	0.32491	0.0637
YDR196C	1.127	0.33202	0.06542
YMR315W	6.093	0.38155	0.0782
YML025C	1.3359999999999999	0.34193	0.07008
YGR180C	30.725	0.45447	0.12242
YDR172W	13.035	0.44251999999999997	0.10077
YOR356W	1.056	0.32456999999999997	0.07423
YDR248C	1.126	0.3102	0.06655
YOR043W	1.073	0.31038000000000004	0.05783
YGL061C	1.005	0.29016	0.05644
YPR128C	1.305	0.32269000000000003	0.06312
YCL033C	2.5540000000000003	0.43801999999999996	0.05986
YBR222C	2.7689999999999997	0.35522	0.06727
YLL008W	3.153	0.38904	0.09894
YOR316C	1.473	0.34612	0.06935
YDL010W	3.648	0.36893000000000004	0.11925
YBR146W	1.851	0.39411	0.08092
YIL125W	2.474	0.34142	0.0575
YFL037W	13.139000000000001	0.41825	0.08608
YIL036W	1.185	0.33023	0.06207
YPL085W	2.063	0.37304	0.07666
YMR222C	2.156	0.35489	0.04971
YJR143C	4.617	0.39053000000000004	0.05294
YPR159W	3.958	0.41713999999999996	0.08156
YHR138C	1.65	0.38185	0.0809
YNL260C	1.036	0.40706	0.07074
YOR163W	3.548	0.40285	0.1065
YGR037C	52.247	0.49509	0.13582
YDR321W	10.524000000000001	0.44048999999999994	0.08674
YPL063W	4.595	0.39357	0.07685
YKL046C	3.054	0.37451999999999996	0.06932
YDL095W	9.551	0.41028000000000003	0.04488
YML067C	2.156	0.34811	0.06171
YDR449C	1.7590000000000001	0.40447	0.07837
YDR276C	58.04600000000001	0.49185	0.11141
YNL181W	1.55	0.35489	0.07807
YPR154W	3.616	0.38211999999999996	0.0748
YDR533C	1.584	0.31106	0.07873
YDL085C-A	5.2	0.37544	0.10444
YKR042W	41.255	0.47498999999999997	0.08764
YNR006W	1.3559999999999999	0.27136	0.05602
YHR042W	5.596	0.3983	0.08466
YER035W	2.654	0.3395	0.03061
YDR113C	1.266	0.34778000000000003	0.09846
YNL154C	3.447	0.39965	0.07907
YMR002W	17.771	0.49956999999999996	0.10498
YLR022C	2.82	0.3689	0.05072
YOL026C	3.4	0.37744	0.06728
YMR153W	2.508	0.33915	0.08321
YJR057W	1.401	0.31675	0.05416
YJL047C-A	2.293	0.09164	0.05482
YDL208W	17.904	0.43462	0.10554
YOR141C	1.105	0.37029	0.05309
YLL009C	5.569	0.34064	0.04539
YLL036C	1.08	0.32239	0.06829
YPL169C	1.8430000000000002	0.37711999999999996	0.07968
YLL014W	5.12	0.37096	0.12819
YIL110W	1.249	0.35985	0.06124
YNL251C	2.4619999999999997	0.36458	0.07365
YER159C	5.078	0.29058	0.06716
YNL215W	1.514	0.31367	0.04844
YBR036C	3.555	0.38088	0.06653
YDR374W-A	1.0090000000000001	0.34291	0.08016
YGR183C	4.1930000000000005	0.54528	0.15846
YGR261C	1.248	0.33502	0.06669
YER110C	13.327	0.42791	0.09679
YNL245C	1.169	0.33275	0.0498
YDR031W	1.2790000000000001	0.30928	0.06049
YGL032C	5.1610000000000005	0.32397	0.08525
YER082C	1.8419999999999999	0.36965	0.07179
YDL018C	1.348	0.36659	0.06742
YHR062C	1.2770000000000001	0.31763	0.06548
YIL157C	4.496	0.39018	0.08323
YJL198W	1.1909999999999998	0.33524	0.06956
YGL245W	30.563000000000002	0.44648999999999994	0.0825
YDR427W	4.782	0.40344	0.08968
YKL028W	1.109	0.32101	0.07002
YEL038W	2.596	0.35359	0.05285
YHR205W	1.663	0.34909	0.07125
YDR140W	1.0390000000000001	0.26332	0.05532
YHR117W	1.3559999999999999	0.33324000000000004	0.04965
YNL185C	2.638	0.29304	0.1062
YPL262W	5.687	0.40579	0.09437
YHR132C	3.591	0.40695	0.08017
YNR034W	1.084	0.32937	0.05244
YGL215W	1.123	0.34310999999999997	0.06877
YLR420W	8.228	0.38914	0.07073
YJL115W	2.039	0.36591	0.06378
YCR059C	1.3769999999999998	0.31623	0.05415
YOR116C	1.4809999999999999	0.35118	0.05603
YHL025W	1.0170000000000001	0.32911	0.06277
YBL007C	4.052	0.38738	0.07027
YER080W	3.515	0.35549000000000003	0.06319
YBR042C	1.026	0.32711999999999997	0.06693
YDR233C	22.121	0.46125	0.13768
YIL020C	1.902	0.39521999999999996	0.07806
YBR071W	2.176	0.34013000000000004	0.06151
YDR041W	1.726	0.34149	0.07921
YCR075W-A	2.332	0.36682	0.0746
YJR135W-A	7.12	0.46597	0.07382
YFR036W	1.162	0.30791999999999997	0.04227
YHR057C	2.142	0.36630999999999997	0.07512
YBL090W	1.9380000000000002	0.3549	0.06304
YLR083C	3.6239999999999997	0.3899	0.079
YNL281W	11.835	0.38344	0.0569
YPL225W	15.982999999999999	0.46288	0.1072
YBR052C	4.855	0.38808000000000004	0.08059
YDR246W	1.125	0.30601999999999996	0.06928
YDR465C	2.129	0.38275	0.08849
YDL003W	1.266	0.31893	0.07479
YDR182W	1.473	0.37721	0.08166
YKL049C	1.3359999999999999	0.31382	0.07133
YPR158C-C	1.334	0.0	1.0
YDL125C	18.337	0.52982	0.07115
YLR099W-A	2.6239999999999997	0.33852	0.06496
YGR060W	23.699	0.4265	0.1162
YKL122C	4.949	0.42145	0.09041
YNL147W	6.797999999999999	0.48475	0.12608
YKL142W	8.796	0.38966999999999996	0.08233
YJR045C	41.596000000000004	0.43867	0.12608
YLL027W	1.5019999999999998	0.33943	0.07208
YNL313C	1.3259999999999998	0.33309	0.05738
YFR011C	3.529	0.32172	0.06369
YBR155W	2.246	0.33276	0.05584
YLR337C	2.787	0.29123000000000004	0.05666
YHR127W	1.841	0.3674	0.05593
YKL191W	1.75	0.36654000000000003	0.08162
YOL098C	1.8880000000000001	0.34583	0.05283
YMR039C	2.668	0.38747	0.09036
YBR188C	1.181	0.3217	0.05515
YKR095W-A	3.312	0.40426999999999996	0.09145
YDL084W	29.616	0.41853999999999997	0.09472
YKL087C	1.484	0.33459	0.07608
YGR095C	1.821	0.37119	0.06979
YJR092W	1.318	0.35172	0.07658
YGR253C	7.992000000000001	0.42504	0.07208
YOR283W	3.41	0.35905	0.07443
YNL111C	8.385	0.37646999999999997	0.05608
YLL010C	1.23	0.34284000000000003	0.05775
YDR165W	2.841	0.39568000000000003	0.08895
YDR120C	2.392	0.41575	0.07344
YMR158W	2.235	0.38284	0.07237
YBR059C	1.02	0.31537	0.05454
YPL263C	2.186	0.38039	0.06707
YML072C	4.257	0.39535	0.07528
YOR341W	4.229	0.40967	0.09347
YDR260C	1.058	0.33468000000000003	0.07725
YHR046C	1.391	0.3369	0.06231
YDR505C	1.005	0.34459	0.06688
YMR014W	1.401	0.32328	0.06641
YKR072C	1.626	0.37204	0.0687
YFL017C	2.8710000000000004	0.36022	0.08415
YNL137C	1.4269999999999998	0.30036999999999997	0.0458
YLR068W	1.7209999999999999	0.32748	0.10429
YIL127C	2.371	0.37732	0.10622
YKR056W	1.82	0.42173999999999995	0.08054
YBR159W	5.28	0.38611999999999996	0.07643
YBR221C	16.773	0.42668	0.0787
YOR165W	2.015	0.34992	0.08401
YOL007C	2.006	0.37396	0.06445
YPR125W	1.771	0.3282	0.06951
YDR135C	1.693	0.34496	0.06128
YLR407W	1.23	0.33565	0.05587
YJR117W	4.709	0.41086000000000006	0.08031
YML123C	35.282	0.40676999999999996	0.10041
YKL211C	3.4210000000000003	0.36363	0.07595
YNR041C	2.099	0.31082	0.07964
YOR136W	20.883000000000003	0.44711999999999996	0.10511
YHR027C	6.731	0.41593	0.07491
YHR148W	3.033	0.38509	0.08403
YER036C	13.25	0.42877	0.09819
YLR389C	1.1420000000000001	0.33965	0.06769
YOL080C	2.388	0.35746999999999995	0.072
YKL213C	1.27	0.30598000000000003	0.07052
YDL201W	3.5989999999999998	0.40335	0.08243
YCR082W	3.8	0.38673	0.08689
YNL052W	6.303999999999999	0.38105	0.06859
YEL017W	1.787	0.34934	0.07063
YKL019W	1.433	0.34661	0.05936
YLR401C	1.601	0.33388	0.07693
YPR094W	1.903	0.30675	0.06606
YML028W	164.487	0.5578	0.20177
YDR388W	6.167999999999999	0.41915	0.08051
YIL002W-A	5.654	0.31518	0.06691
YBR268W	2.802	0.37798000000000004	0.0775
YJL096W	1.871	0.30349	0.06263
YLR259C	39.917	0.42778	0.1012
YJR048W	6.621	0.3837	0.0997
YDR086C	32.55	0.54932	0.13192
YOL142W	2.28	0.35125	0.07659
YML124C	4.425	0.39705	0.07371
YKL120W	6.249	0.41548999999999997	0.05958
YDR373W	3.1319999999999997	0.3595	0.05172
YHR049W	5.632999999999999	0.39379000000000003	0.07187
YLR060W	11.594000000000001	0.42961000000000005	0.08317
YJR072C	3.8539999999999996	0.38641	0.06584
YFR009W	4.68	0.40096	0.09197
YNR038W	1.5619999999999998	0.35581999999999997	0.06986
YAL033W	1.681	0.36654000000000003	0.08269
YAL008W	2.026	0.37961	0.10173
YJL217W	7.8870000000000005	0.44228999999999996	0.09341
YOL056W	1.124	0.31196	0.06988
YHR059W	1.7719999999999998	0.31190999999999997	0.07667
YOR221C	1.1059999999999999	0.32594	0.07742
YDR258C	2.012	0.35361	0.06738
YJL212C	1.6230000000000002	0.37771	0.07565
YDL020C	1.276	0.32364	0.05242
YGR116W	5.062	0.37661	0.0595
YOR265W	5.871	0.39697	0.0893
YIL106W	1.5190000000000001	0.38324	0.06793
YBR143C	12.717	0.39913000000000004	0.09617
YER012W	7.752999999999999	0.36474	0.10066
YNL259C	5.641	0.38325	0.07169
YOR294W	7.404	0.37453000000000003	0.05862
YPR183W	16.682000000000002	0.42358999999999997	0.09753
YGR038W	3.258	0.41731999999999997	0.09437
YJL183W	2.5069999999999997	0.33354	0.07065
YJL065C	4.28	0.33854	0.06751
YKR043C	10.849	0.41428000000000004	0.06631
YDR508C	7.38	0.36516	0.0401
YGL020C	2.8489999999999998	0.35054	0.07989
YDR352W	1.199	0.28794000000000003	0.0349
YML009C	5.452999999999999	0.29868	0.0468
YOR020W-A	1.973	0.33193	0.041
YIL079C	1.143	0.35739	0.058
YPL239W	5.608	0.46421	0.10662
YGL092W	1.589	0.37484	0.07349
YMR202W	14.043	0.40374	0.09721
YPR017C	1.2790000000000001	0.3102	0.07204
YER152C	1.781	0.3312	0.08195
YOR206W	3.467	0.40381999999999996	0.08332
YNL169C	1.1740000000000002	0.29886999999999997	0.05298
YKR002W	1.057	0.29725	0.0619
YNL305C	1.5330000000000001	0.37095	0.05892
YLR146C	1.04	0.32072	0.07294
YNL145W	42.503	0.39183	0.04431
YGR260W	5.712999999999999	0.35269	0.09302
YCR011C	1.645	0.33042	0.06222
YER057C	15.475	0.39131	0.06591
YKL065C	4.047	0.38164000000000003	0.08494
YML013W	1.328	0.28234000000000004	0.06318
YOL086W-A	1.295	0.29508	0.06556
YPL206C	2.3890000000000002	0.36676	0.07167
YBR122C	2.472	0.34131999999999996	0.05265
YOL064C	3.237	0.34899	0.05695
YIL162W	1.295	0.38223	0.08786
YDR384C	6.047000000000001	0.41263999999999995	0.08913
