0.000000000000000000e+00
0.000000000000000000e+00
0.000000000000000000e+00
1.381762749841690743e-02
2.524212973687717330e-03
2.244795000819082870e-04
0.000000000000000000e+00
1.954440949285190141e-06
1.151714114648819272e-04
0.000000000000000000e+00
8.392461911703811769e-03
1.550059498769628709e-02
2.990272181436047505e-02
8.978185910865056629e-03
3.082917495424353574e-02
2.072464568303148194e-02
0.000000000000000000e+00
5.556937420233941036e-03
2.526167414637002853e-03
0.000000000000000000e+00
2.986853060496530345e-03
1.678784315881858696e-02
7.126151951405695906e-02
2.101846164128603478e-01
6.781787130918351392e-02
1.296827982173321715e-02
0.000000000000000000e+00
1.772560074638686572e-03
5.149916272195321013e-03
2.059970206682017191e-02
2.097453291545409507e-02
7.129365878372349169e-03
2.158460479819697755e-02
8.937394892705864680e-02
1.401488521254477988e-02
5.070145867088295816e-02
8.982138048547702591e-02
4.528726290720765102e-02
6.690179082954957231e-03
6.013714184194896180e-03
0.000000000000000000e+00
2.633521062304744042e-03
5.330503479202746385e-03
0.000000000000000000e+00
8.232408660676844916e-03
1.332189624840321267e-02
1.909639626872210866e-02
1.725163783147688409e-02
4.485337057768169072e-02
9.597951457649427087e-02
3.531836852013667261e-01
1.273174668344515537e-01
8.249948228470488365e-02
2.434795557908623134e-02
2.845327020547110813e-02
9.395956484124740743e-03
0.000000000000000000e+00
8.125055013009103294e-03
9.859680854511571751e-03
2.861909444285222481e-03
0.000000000000000000e+00
1.779339923529217951e-02
7.135341887051853405e-02
2.758084840296463197e-02
0.000000000000000000e+00
0.000000000000000000e+00
0.000000000000000000e+00
2.858012888399614343e-03
0.000000000000000000e+00
1.425091399294755755e-03
1.206475222060702981e-03
0.000000000000000000e+00
0.000000000000000000e+00
0.000000000000000000e+00
4.668908225149911301e-02
7.215398040972796807e-03
0.000000000000000000e+00
0.000000000000000000e+00
0.000000000000000000e+00
0.000000000000000000e+00
7.034777411135753611e-02
5.697336407996959895e-02
2.930451069303929151e-02
1.521815667071629852e-02
1.466113890487535584e-02
1.321557903184267246e-01
0.000000000000000000e+00
0.000000000000000000e+00
2.354920662307353682e-02
8.028867351175751621e-02
2.490967681406518752e-01
6.391536623867352662e-02
6.021937540514658155e-02
2.481452919981954469e-02
0.000000000000000000e+00
3.312835211411286566e-03
0.000000000000000000e+00
0.000000000000000000e+00
0.000000000000000000e+00
0.000000000000000000e+00
7.696617642812779783e-03
1.187022415050231934e-02
1.401488521254477988e-02
1.640107174843740134e-01
1.232274492019373724e-01
6.178911965230036996e-02
3.973705291278985946e-02
6.356391494256024427e-03
1.655434222224519501e-03
0.000000000000000000e+00
0.000000000000000000e+00
0.000000000000000000e+00
2.585505452377283644e-02
1.465821956946439415e-02
2.961445328155822877e-03
0.000000000000000000e+00
2.244795000819082870e-04
0.000000000000000000e+00
1.132169705155967426e-04
0.000000000000000000e+00
0.000000000000000000e+00
1.053603869016826039e-02
1.581312078060247983e-01
2.246207487779922352e-01
2.599728844863007371e-01
1.796614402647653264e-02
2.083551672101620691e-02
1.406953320245030344e-02
1.856157619972271383e-02
3.853267011841770423e-02
6.580870994337932253e-03
5.817491449593188355e-03
2.667703031895725385e-02
3.967138339519800383e-02
1.739615029199998580e-02
1.522495515714526737e-01
2.752234950741904926e-02
3.408449887370354307e-03
0.000000000000000000e+00
0.000000000000000000e+00
0.000000000000000000e+00
0.000000000000000000e+00
0.000000000000000000e+00
8.516189447052430195e-02
2.608162258053001517e-02
2.568583317730843349e-02
0.000000000000000000e+00
0.000000000000000000e+00
0.000000000000000000e+00
1.954440949285190141e-06
0.000000000000000000e+00
0.000000000000000000e+00
1.954440949285190141e-06
0.000000000000000000e+00
0.000000000000000000e+00
0.000000000000000000e+00
7.485246708676208949e-02
0.000000000000000000e+00
1.023124996299780431e-02
0.000000000000000000e+00
3.376964705975050432e-04
0.000000000000000000e+00
0.000000000000000000e+00
3.789156384865096077e-03
0.000000000000000000e+00
9.357290350320671135e-02
3.297949884989502811e-01
2.859418181042197582e-01
5.666457413440682128e-02
3.688452418166947300e-02
1.894715647357770108e-02
3.258019920040119283e-02
4.695842133971388221e-02
5.677005962321607369e-02
3.187957589224033050e-02
1.119874009120587835e-02
0.000000000000000000e+00
1.438772485939752033e-03
1.538308369810352429e-03
0.000000000000000000e+00
1.597200300615427698e-02
0.000000000000000000e+00
0.000000000000000000e+00
5.153825154093891192e-03
4.734895540040984230e-02
3.076481879025307759e-02
8.976231469915768937e-03
2.141277946843572755e-02
0.000000000000000000e+00
0.000000000000000000e+00
0.000000000000000000e+00
0.000000000000000000e+00
0.000000000000000000e+00
0.000000000000000000e+00
0.000000000000000000e+00
1.315783310677729259e-03
2.518349650839862060e-03
2.631566621355458518e-03
2.748692473769626023e-03
4.175738314013666651e-03
1.402946716298995866e-02
4.134781942165902807e-02
5.051338137820548385e-02
7.775619570702925129e-03
2.969263091952963670e-03
1.321646633525584962e-03
0.000000000000000000e+00
0.000000000000000000e+00
0.000000000000000000e+00
0.000000000000000000e+00
0.000000000000000000e+00
5.036711627692686162e-03
2.407087121273550259e-03
0.000000000000000000e+00
0.000000000000000000e+00
1.876004840407857364e-03
8.640489440267552779e-03
5.764980841492398783e-02
1.733642672554042488e-02
0.000000000000000000e+00
1.275242485899134859e-01
5.352971587509617463e-02
0.000000000000000000e+00
5.817203801722651765e-04
0.000000000000000000e+00
5.261178801761631947e-03
3.381213751325743561e-02
3.470843720576254759e-02
3.350544604978623192e-02
0.000000000000000000e+00
1.792691503736185132e-02
0.000000000000000000e+00
3.354785389549445971e-03
0.000000000000000000e+00
0.000000000000000000e+00
0.000000000000000000e+00
1.202566340162132584e-03
1.204520781111417891e-03
0.000000000000000000e+00
0.000000000000000000e+00
6.016740582709232885e-03
3.256091843837392169e-02
0.000000000000000000e+00
1.876004840407857364e-03
5.175324004536028047e-03
2.336953866028224081e-02
5.753569881840092659e-02
2.110064987241637713e-01
0.000000000000000000e+00
0.000000000000000000e+00
0.000000000000000000e+00
0.000000000000000000e+00
3.076629065633667334e-03
0.000000000000000000e+00
3.745181463506178955e-03
0.000000000000000000e+00
1.319091821557918237e-02
7.664357041136612460e-03
2.246984358438017249e-02
3.038021595407971315e-02
7.884927659319949239e-03
1.316175431468882481e-02
1.590069923573794730e-02
0.000000000000000000e+00
3.140078094213963594e-03
0.000000000000000000e+00
0.000000000000000000e+00
0.000000000000000000e+00
7.369984605391007026e-02
0.000000000000000000e+00
0.000000000000000000e+00
7.027551144850027525e-04
0.000000000000000000e+00
9.672406475517185409e-02
2.191258453110638549e-01
1.122715907604699415e-01
3.944992423922744768e-02
0.000000000000000000e+00
0.000000000000000000e+00
4.548223230116721144e-04
0.000000000000000000e+00
1.851567170664741163e-02
5.370486890378659527e-03
8.984049233712911031e-03
5.788857311095994829e-02
1.521158822985905698e-02
8.520787772087073941e-02
7.644073789108887795e-02
0.000000000000000000e+00
1.383323837398525713e-02
3.025251804181933526e-02
5.038653742629009211e-03
0.000000000000000000e+00
0.000000000000000000e+00
1.220519097707666034e-02
6.680406878208531782e-03
2.276274062649304153e-02
7.607184432138060226e-02
7.568730039164583111e-03
0.000000000000000000e+00
1.215842478162977407e-02
1.349100616865659963e-01
0.000000000000000000e+00
5.960972399472789368e-02
1.351246336510286694e-01
1.651094843280171975e-01
1.555319358235513275e-02
5.434321396624289952e-02
4.412103108998214479e-02
1.380010156053483941e-02
2.748692473769626023e-03
0.000000000000000000e+00
0.000000000000000000e+00
0.000000000000000000e+00
3.396509115467901871e-04
0.000000000000000000e+00
3.144415759138554506e-02
3.316621995405361761e-02
2.027550931749281735e-02
0.000000000000000000e+00
3.143986976112533773e-03
0.000000000000000000e+00
0.000000000000000000e+00
0.000000000000000000e+00
0.000000000000000000e+00
0.000000000000000000e+00
0.000000000000000000e+00
0.000000000000000000e+00
9.899416815248149662e-03
0.000000000000000000e+00
8.034780891066457820e-02
1.094022291387336185e-02
7.716873224718008052e-03
4.411944459791285883e-03
1.966736095206332580e-02
8.405642965428418434e-02
8.846629788341314748e-02
0.000000000000000000e+00
4.734005402794509883e-03
3.372734861919391564e-02
5.422665697078515173e-02
2.542933447158671201e-02
0.000000000000000000e+00
1.385867075835189345e-02
1.090601414285788211e-02
4.058612461599499580e-03
6.786777250998642791e-03
6.914658583036865057e-03
3.593037059004268452e-02
9.757919961523593699e-02
5.317714697117230382e-02
5.264082385718368839e-02
9.348758080210570198e-02
1.289964860251342493e-01
1.675966880441583443e-02
9.863280019083894845e-02
7.626918079277961171e-02
2.631552582621863104e-02
0.000000000000000000e+00
3.763748652524388609e-03
0.000000000000000000e+00
3.076629065633667334e-03
0.000000000000000000e+00
0.000000000000000000e+00
0.000000000000000000e+00
1.432909163091896547e-03
4.056658020650214490e-03
1.195527909262811966e-02
3.277646496744477528e-02
3.262145658654293234e-02
2.918440147455265282e-02
0.000000000000000000e+00
1.768651192740116392e-03
2.746738032820340500e-03
4.921527890214842139e-03
1.184013233318916523e-02
0.000000000000000000e+00
0.000000000000000000e+00
3.908881898570380283e-06
0.000000000000000000e+00
0.000000000000000000e+00
0.000000000000000000e+00
0.000000000000000000e+00
0.000000000000000000e+00
0.000000000000000000e+00
0.000000000000000000e+00
0.000000000000000000e+00
6.734385002457248881e-04
7.549185629671729611e-03
6.904291759127567651e-02
3.100493381792928174e-02
0.000000000000000000e+00
2.740986857854873712e-02
1.572312004682891243e-02
1.179122827701516163e-02
1.102118555432276409e-02
9.335439116968376888e-03
8.889323095541062231e-03
7.558957834418155927e-03
2.738836972810660547e-02
8.765433056478859342e-03
1.912358107663725618e-02
2.120877834867244960e-02
5.786136343381187430e-02
4.662170208959100920e-02
2.303201955505958243e-02
5.376350213226513929e-03
8.014769703917434471e-03
3.847814048162587815e-03
3.191788151085586840e-03
9.958227191894567995e-03
8.930789182696122208e-02
3.427298192686888123e-02
0.000000000000000000e+00
1.265219553629118657e-02
4.816128683496385607e-03
1.425091399294755755e-03
0.000000000000000000e+00
0.000000000000000000e+00
0.000000000000000000e+00
1.132169705155967426e-04
1.317737751627014566e-03
2.746738032820340500e-03
4.181601636861521920e-03
1.289710171204320327e-02
5.622366562186986022e-02
1.227851881743706186e-01
2.359436661950387037e-02
4.507571461763316099e-03
1.553943897404634015e-03
0.000000000000000000e+00
1.430954722142611241e-03
1.430954722142611241e-03
2.740874709972485231e-03
1.029984487040360233e-02
1.014174606032591970e-02
4.283091961681408273e-03
6.467654023822335362e-03
3.053831476415739751e-02
2.661839709047868555e-02
2.170646403963542512e-02
6.354437053306738470e-03
5.716013450786266645e-03
0.000000000000000000e+00
0.000000000000000000e+00
0.000000000000000000e+00
0.000000000000000000e+00
3.076629065633667334e-03
0.000000000000000000e+00
3.084446829430808126e-03
0.000000000000000000e+00
0.000000000000000000e+00
2.639396711165561786e-03
0.000000000000000000e+00
0.000000000000000000e+00
0.000000000000000000e+00
0.000000000000000000e+00
0.000000000000000000e+00
0.000000000000000000e+00
0.000000000000000000e+00
0.000000000000000000e+00
0.000000000000000000e+00
0.000000000000000000e+00
0.000000000000000000e+00
