position	first_db	all_db	nonssb	rand_mean	rand_sd
0	0.029084949031515168	0.02491840203399129	0.03099336954206565	0.025988509323291754	0.001320644562965765
1	0.031033158324651564	0.0263212492588719	0.03376538571985032	0.02620401685623302	0.0015882931201250002
2	0.03211739133263318	0.026757418096792045	0.030677717896423314	0.0261046895593002	0.0016509899870930582
3	0.031132073226443225	0.025739940068116435	0.02659421296567478	0.026029833877911614	0.0016004843116210353
4	0.02763075266614008	0.023735393194708097	0.024784504863278333	0.025828167949109155	0.001378158922124714
5	0.028062502913255707	0.023366724088677723	0.027334228842960006	0.025938788538991772	0.0015168454128255287
6	0.025650041313710476	0.02237805779169368	0.025257316499338635	0.026150797197676923	0.0015142735606484155
7	0.026634823588379004	0.022826709594615226	0.021803211211734518	0.025983683029506176	0.0014128830222223693
8	0.025535286246258625	0.02209075886180492	0.02221497320563342	0.025956763322076012	0.0014782129925888382
9	0.025034697692422295	0.02172350256406535	0.022857219863697507	0.02602131614500783	0.001487547300297536
10	0.02548918432408013	0.02216905733292155	0.02481868552615136	0.025791694051660475	0.0015447423637447778
11	0.025519022374583047	0.02346446306406148	0.021405504033493727	0.02580697971855528	0.0015435207547314941
12	0.02284548656883577	0.02212779498451646	0.027389133238849516	0.02604374423727188	0.001472610802846203
13	0.0255638855916952	0.023301625591518733	0.027116119135438623	0.026217277575637105	0.0014983517034696677
14	0.024973517623431467	0.02279888147521787	0.023293851805806277	0.026022994859103137	0.0015674444506585305
15	0.02509021053508395	0.02140224519617126	0.0219578928695697	0.026140133239952634	0.0015664827279151202
16	0.026970479715383182	0.02348924407891047	0.02647447739745485	0.026026007542314364	0.0014277016739557456
17	0.028617234438367344	0.024475984521415226	0.025029667352686604	0.026095423374960323	0.0013274710278979474
18	0.028054959535700592	0.024469312853908468	0.02110101264174633	0.026204609342200168	0.001628622405305494
19	0.026847168830156136	0.023947531017077497	0.024751725649117262	0.0260325106197695	0.0014499131229252823
20	0.02805237679619484	0.024722552572487812	0.023342525949670265	0.026046149482398237	0.0014672616176584106
21	0.029570243386991338	0.024000454205216206	0.02350769366126043	0.02627767430716738	0.0014451387772359918
22	0.02782572564007361	0.02425375302448829	0.022395948332073107	0.026012977489526044	0.0015892388485438335
23	0.027965916368117214	0.023557562260341152	0.021168575327039703	0.02595371211394583	0.0014528676968024086
24	0.026079596098724057	0.02245385345113485	0.01987790601568321	0.025840211911774588	0.0014500213474979101
25	0.027159417151232674	0.022965289399761193	0.02040595276237918	0.025882545687735407	0.0016131471192441095
26	0.028431652652830118	0.023972972801851133	0.023623180009351874	0.026055438200367823	0.0015564546021808474
27	0.02470948263324457	0.0223627872279496	0.023313366032949735	0.02639564384274578	0.0014119059346063966
28	0.024366024103283555	0.022090517865829544	0.02215848599478449	0.026128083973205443	0.001605345959886997
29	0.0252857931838223	0.022397431612046194	0.02257099583178521	0.026026434199127965	0.001526429998300413
30	0.026096970845231857	0.02331358128970256	0.022498791047141895	0.02623287031688397	0.0016001178892184028
31	0.025652591693964198	0.02437541447067947	0.025621587288628848	0.02576533671191457	0.001399607285440384
32	0.026623618883904323	0.024730390925008776	0.027990371229470293	0.026007892953888282	0.0015166736331928457
33	0.02504873457735886	0.02282267485998725	0.024208038617827686	0.025983630216336814	0.001385472788303355
34	0.026070602947301787	0.024234825165080458	0.023859639889307675	0.025999929488083846	0.0013720736169882284
35	0.027882829264326225	0.02500079693303983	0.02600380501447065	0.025882636836100946	0.0016221151661252686
36	0.026505853617360263	0.02466912528178283	0.024550525591320482	0.02624653219757762	0.0015508950222704668
37	0.023706936878122472	0.022170036365724777	0.02286969127785171	0.02609588144855352	0.0015170066799541182
38	0.024759106103929573	0.022107085247145417	0.023484740366680665	0.0258938652782421	0.001482538060503816
39	0.02556469932321516	0.02204096743550877	0.022783090263348203	0.026234353487675582	0.0013353110353560324
40	0.025969425809022954	0.022076935965473166	0.025787525743544055	0.026450019795771777	0.0016324570005686878
41	0.0268782639299215	0.02303402069110285	0.024004108963839848	0.025905987577558867	0.0016295437551836353
42	0.027310495625003095	0.02450375558149649	0.023827648048142087	0.026205617922470167	0.0014176686026802071
43	0.02689187362587215	0.023462271967998903	0.020605089700077416	0.026039259099284066	0.0014202065097714232
44	0.027591139102703714	0.023470731260019664	0.023606025229368666	0.025768441917537858	0.0015277203300360467
45	0.027030827140636024	0.023497439314144688	0.02397725252456001	0.0259036054054593	0.0014980663628869925
46	0.025704343641735922	0.022885796484449914	0.02121467321420834	0.026145954452625984	0.001498411375169957
47	0.025812598478202532	0.023597894643635237	0.020874077661096307	0.026175189319109574	0.0013666585977708016
48	0.02498834879717679	0.022759572484423223	0.022224052729531166	0.02607150655893496	0.0014831162553325453
49	0.027200599071124886	0.022406454960813112	0.025234481598128546	0.025862750226863525	0.0014635588190443365
50	0.02599024543090643	0.022302290810244083	0.019603498262763266	0.02612382401471775	0.001592590004797013
51	0.024753564137517003	0.02176856813748125	0.023114091912950656	0.026164180152031993	0.001435487575151492
52	0.022876518923929647	0.021687101646850376	0.02157101874236622	0.026111807483008138	0.0014535667155281657
53	0.022582679225698947	0.02166691242348292	0.021232940583275916	0.02598517639917611	0.001520485365403466
54	0.023535045491210906	0.02109073278346723	0.022445853098237652	0.025779890971839175	0.001611444725647182
55	0.024912778373981564	0.021258786212769935	0.02360414423446125	0.026287192974953712	0.0016888130657062475
56	0.025474165073792385	0.02282442647926468	0.025559177887627915	0.026147087398805405	0.0015515628224283301
57	0.025118359692160242	0.022561871041478852	0.020082149908147617	0.02582847486014078	0.0014976731225212886
58	0.025861086564469504	0.02405023587001371	0.0232793208115458	0.02605721756085926	0.001506558666092295
59	0.02320425457397833	0.02280181759107683	0.016398268292325036	0.02594308955400512	0.0015931660907698814
60	0.02315585374149303	0.021712401395176672	0.017449952916789673	0.025990381338342926	0.0013646397010315628
61	0.024546316076955305	0.021998524373593377	0.01752880110723531	0.0260520128944487	0.0016294131343557116
62	0.023738846965758065	0.021900459133007113	0.017128306789154377	0.025669179747914314	0.0017032780705640612
63	0.023765417388726173	0.02242702797181129	0.019515272212748888	0.02611722420803286	0.0013366560091826428
64	0.02516861620486884	0.022547167089070258	0.020221630869279254	0.02600691054935295	0.0015663025859979716
65	0.025341241023538606	0.02336486308007082	0.018990711007855838	0.026103832381717144	0.0016044815259291106
66	0.022533202783036593	0.020890909901498212	0.018234979471447487	0.02582540238280145	0.0015077953981336115
67	0.024582724551214484	0.021885209934334092	0.022825976810297157	0.02586002060845992	0.0015749446397962394
68	0.025459928508886048	0.022633998881009452	0.0207851680637585	0.025987790116660067	0.0014905077908589186
69	0.024870071045802758	0.022268526738369973	0.021395577463054757	0.026018832775456895	0.001690409804730458
