codon	kmer_theta	redundant	background	nDThi	nDTlo
AAA	0.09708	0.08669	0.03976	0.06801	0.1015
AAC	0.01095	0.02644	0.02483	0.0	0.06767
AAG	0.07317	0.06185	0.03336	0.01931	0.06461
AAT	0.04527	0.05401	0.03194	0.03946	0.09151
ACA	0.00103	0.00546	0.01642	0.01931	0.0
ACC	0.00054	0.00279	0.0133	0.0	0.00388
ACG	0.0	8e-05	0.00737	0.0	0.0
ACT	0.00629	0.01559	0.02074	0.01847	0.00813
AGA	0.00894	0.01824	0.02164	0.0	0.00564
AGC	0.0	0.00101	0.00859	0.0	0.0
AGG	0.0	0.00042	0.00841	0.0	0.0
AGT	0.00225	0.00388	0.01298	0.0	0.00185
ATA	0.0	0.0035	0.01361	0.0	0.0
ATC	0.00407	0.0135	0.01845	0.0	0.03975
ATG	0.00325	0.01066	0.02047	0.0	0.00564
ATT	0.04356	0.05088	0.0309	0.0	0.07977
CAA	0.01359	0.03753	0.02824	0.0	0.11555
CAC	0.0	0.0001	0.00764	0.0	0.0
CAG	0.00306	0.0033	0.01188	0.06045	0.0
CAT	0.0	0.00177	0.01293	0.0	0.00185
CCA	0.00505	0.01144	0.01933	0.11755	0.0
CCC	0.0	0.0	0.00655	0.0	0.0
CCG	0.0	0.0	0.0044	0.0	0.0
CCT	0.0	0.00366	0.01403	0.06297	0.0
CGA	0.0	0.0	0.00154	0.0	0.0
CGC	0.0	0.0	0.00234	0.0	0.0
CGG	0.0	0.0	0.00103	0.0	0.0
CGT	0.0	0.00023	0.00734	0.0	0.0
CTA	0.00173	0.00365	0.01305	0.0	0.0
CTC	0.0	0.0	0.00441	0.0	0.0
CTG	0.00066	0.00158	0.01	0.01679	0.0
CTT	0.00049	0.00258	0.01044	0.0	0.0
GAA	0.26554	0.14286	0.04811	0.16625	0.13089
GAC	0.02674	0.02231	0.02169	0.03526	0.00231
GAG	0.03069	0.02046	0.02013	0.0	0.00185
GAT	0.17019	0.09663	0.03847	0.21746	0.0159
GCA	0.00056	0.00799	0.01711	0.0	0.00379
GCC	0.00073	0.00766	0.01509	0.0	0.00619
GCG	0.0	0.0001	0.00636	0.0	0.0
GCT	0.02117	0.03054	0.02427	0.0	0.0293
GGA	0.00047	0.00118	0.01021	0.0	0.0
GGC	0.0	0.00124	0.01077	0.0	0.0
GGG	0.0	5e-05	0.00619	0.0	0.0
GGT	0.04452	0.04628	0.02853	0.14022	0.01941
GTA	0.00054	0.00118	0.01113	0.0	0.0
GTC	0.0	0.00505	0.01315	0.0	0.0037
GTG	0.00108	0.00267	0.01163	0.0	0.0
GTT	0.01841	0.02759	0.02407	0.0	0.05306
TAC	0.0	0.00535	0.0152	0.0	0.0
TAT	0.00304	0.00864	0.01765	0.0	0.0061
TCA	0.0	0.00527	0.01629	0.0	0.00379
TCC	0.00056	0.0048	0.01487	0.0	0.00213
TCG	0.0	0.00013	0.00782	0.0	0.0
TCT	0.00459	0.02002	0.02354	0.01847	0.00767
TGC	0.0	0.0	0.00372	0.0	0.0
TGG	0.0	0.00126	0.01031	0.0	0.0
TGT	0.0	0.00014	0.00749	0.0	0.0
TTA	0.01116	0.02889	0.02569	0.0	0.05343
TTC	0.01156	0.01365	0.01926	0.0	0.00961
TTG	0.05207	0.05032	0.02935	0.0	0.04437
TTT	0.01542	0.02692	0.02397	0.0	0.01913
