Codon	median_mc	median_mn	R1	R2	R3	R4	R5	R6	R7	R8	R9	R10	R11	R12	R13	R14	R15	R16	R17	R18	R19	R20	tAI
AAA	0.00657	0.82683	0.72789	1.04223	1.16797	1.51944	0.91596	0.97789	0.94692	1.07617	1.07811	0.88292	0.84657	1.14313	1.1758	1.17561	1.13299	1.21553	1.03036	0.86225	0.97532	1.18533	0.431
AAC	0.00372	0.65138	0.76669	0.67067	0.83865	1.04667	0.98214	0.91634	0.90008	0.8139	0.75633	0.70221	0.7157	0.75787	0.7761	0.87553	0.88787	0.89804	0.93361	0.63675	0.64369	0.95347	0.616
AAG	0.00493	0.7295	0.73408	1.09112	0.92095	1.38482	0.89241	0.88941	0.94344	0.8788	0.9608	0.83608	0.7889	0.85092	0.82623	1.07222	1.05869	1.00776	0.90362	0.90388	1.00234	0.82132	1.0
AAT	0.00383	0.65012	0.7163	0.61212	0.84942	0.91761	0.96341	0.92639	0.87793	0.76695	0.7323	0.6661	0.68228	0.86081	0.88155	0.892	0.88833	0.99968	0.91126	0.62231	0.67626	0.92075	0.27
ACA	0.00703	0.79922	1.09211	1.53647	1.00869	0.89644	0.91465	1.02462	0.75237	0.89564	1.44476	0.99566	1.02579	0.90909	0.87497	0.68966	0.72471	0.95692	0.92532	1.36777	1.39512	0.61734	0.246
ACC	0.00121	0.57178	0.80097	0.96084	0.74293	0.66849	0.77627	0.73559	0.77826	0.6145	0.86281	0.72503	0.74119	0.64277	0.60261	0.75648	0.736	0.77859	0.79232	0.81822	0.79696	0.55924	0.488
ACG	0.01459	0.96806	1.28669	1.77345	1.23005	1.27128	0.75953	0.82766	0.87728	1.10393	1.7222	1.33882	1.29653	1.28112	1.18016	0.91127	0.89764	1.12058	1.02164	1.81252	1.76951	0.57897	0.14
ACT	0.00188	0.58231	0.77726	0.99822	0.7386	0.7364	0.83322	0.80066	0.84846	0.57476	0.89941	0.7641	0.77501	0.66021	0.62628	0.64761	0.65068	0.8061	0.83061	0.80695	0.82529	0.48562	0.677
AGA	0.00658	0.8205	1.04603	1.07535	0.98098	1.27388	0.78713	0.81954	0.83764	1.06193	1.03381	1.03691	1.01854	1.05037	1.08574	1.03103	1.05544	1.06243	1.05166	0.96483	1.06814	1.04555	0.677
AGC	0.00691	0.84819	1.09681	0.86809	0.92888	1.22349	1.0513	1.10604	1.1213	1.06887	1.0461	1.01566	1.03381	0.92547	0.91307	1.06113	1.11252	1.04148	1.09153	1.03278	1.01786	1.06078	0.123
AGG	0.01513	1.0884	1.23701	1.67179	1.34266	1.72339	0.8673	1.03877	0.99218	1.596	1.42865	1.54294	1.45297	1.46415	1.39721	1.17091	1.14386	1.22359	1.16463	1.87277	1.84697	0.98139	0.278
AGT	0.00504	0.76438	0.9865	0.70518	0.91194	1.02267	0.91401	0.97565	0.94313	0.90794	0.87916	0.90265	0.90546	0.86809	0.886	1.02524	1.06421	1.03903	1.04851	0.90887	0.9706	0.86291	0.054
ATA	0.00854	0.91932	1.03467	1.35887	1.30335	0.87642	0.85541	1.13195	0.89678	1.17192	1.24546	1.01612	0.97391	1.50773	1.50709	1.01319	1.03924	1.2629	1.06792	1.20335	1.46239	0.93522	0.123
ATC	0.00274	0.65932	0.75812	0.80926	0.80661	0.77897	0.90299	0.81434	0.76517	0.73418	0.75951	0.70727	0.71813	0.86884	0.90713	1.02933	1.04477	0.85586	0.88267	0.67375	0.74605	1.00651	0.576
ATG	0.00386	0.71514	0.80473	1.04121	0.815	0.95921	0.8401	0.849	0.89063	0.77178	0.9075	0.83745	0.80804	0.87801	0.82209	0.91572	0.92028	0.91602	0.95043	0.90034	1.01345	0.73258	0.616
ATT	0.00308	0.67722	0.69167	0.7836	0.86919	0.84644	0.92058	0.869	0.83847	0.73744	0.74143	0.72988	0.73128	0.88872	0.93704	1.01237	1.01762	0.94515	0.93615	0.62087	0.73107	1.10093	0.8
CAA	0.0012	0.55826	0.73197	0.95015	0.70034	0.51929	0.95441	0.90191	0.7565	0.59408	0.84949	0.63172	0.65188	0.68555	0.6475	0.58422	0.59931	0.69429	0.71273	0.77607	0.77373	0.43474	0.554
CAC	0.00319	0.60899	0.95425	1.21213	0.65959	0.37355	0.9516	1.07458	0.895	0.52701	1.21179	0.72362	0.76258	0.55206	0.50924	0.34234	0.34001	0.78203	0.86207	1.09303	1.02203	0.26175	0.431
CAG	0.01203	0.88917	0.9428	1.64646	0.99894	1.11402	0.99841	1.10052	0.95134	1.12561	1.45238	1.16979	1.19653	1.05334	0.96839	0.85906	0.88934	0.85425	0.76556	1.68987	1.55845	0.59344	0.239
CAT	0.00252	0.56482	0.78469	1.13368	0.67749	0.3863	0.9142	1.03316	0.82813	0.45929	0.99482	0.58688	0.62034	0.6363	0.5851	0.39305	0.39431	0.79029	0.8073	0.93586	0.88385	0.23994	0.189
CCA	0.01348	0.97616	1.12917	1.57032	1.1602	1.10148	1.33149	1.19732	1.08124	1.43835	1.46797	1.40693	1.3943	1.12166	1.1177	1.18357	1.19764	1.0554	1.09314	1.34079	1.29162	1.15934	0.616
CCC	0.01736	1.05185	1.21663	2.24473	1.20291	0.80222	1.28163	1.48797	1.44662	1.36768	1.97115	1.72368	1.68755	1.27569	1.08136	0.83292	0.81381	1.0876	0.93704	2.0188	1.83395	0.54722	0.089
CCG	0.05774	1.73276	1.68615	3.04765	2.67735	1.65425	1.27678	1.5137	1.48997	2.51214	3.00811	3.6236	3.35396	3.30855	2.89791	1.15327	1.1038	2.6407	1.71375	3.31811	2.94604	0.82658	0.197
CCT	0.01458	0.9209	0.98311	1.87958	1.08154	0.80309	1.42021	1.32838	1.37595	1.10843	1.57207	1.55183	1.49859	1.09966	0.96101	0.76281	0.74005	1.00122	0.92561	1.51197	1.48688	0.52441	0.123
CGA	0.03863	1.42368	1.36749	1.91238	1.93236	1.09711	1.27642	1.9945	1.76261	1.47327	2.58909	2.48428	2.65482	2.57654	2.29833	0.59186	0.61294	2.17487	1.33845	2.67312	2.61987	0.43454	0.0
CGC	0.01551	1.11117	1.24623	1.58895	1.48786	1.02597	1.3683	1.49995	1.55232	1.54799	1.85442	1.80718	1.77762	1.40999	1.36164	0.91145	0.95093	1.14016	1.05815	1.83841	1.80263	0.66816	0.266
CGG	0.04292	1.3136	1.17842	2.69626	1.4382	2.11762	1.40503	2.10803	1.902	1.26173	2.76227	2.3111	2.15513	1.49031	1.26513	0.42566	0.35482	1.30292	1.2476	3.91088	3.26067	0.2445	0.062
CGT	0.00605	0.77375	1.02566	1.09716	0.95001	0.71249	1.05455	1.00863	1.05643	0.92025	1.11897	1.11877	1.10561	1.02446	0.9606	0.71418	0.72473	0.96465	0.9352	1.21122	1.22883	0.4752	0.369
CTA	0.00645	0.79908	0.99089	1.00095	0.95312	0.75176	1.01396	1.0141	0.99913	1.01517	1.17277	1.14111	1.09514	1.02789	1.01173	0.91177	0.94431	0.90555	0.88132	1.02361	0.95111	0.75446	0.185
CTC	0.00977	0.88363	1.13112	0.71878	1.21825	0.81813	1.07091	1.09693	1.09665	1.36314	1.02646	1.31218	1.44534	1.29887	1.20683	1.08896	1.01522	0.97906	0.92988	1.10694	0.59723	0.79635	0.062
CTG	0.0149	1.02919	1.19883	1.05716	1.50663	1.21529	0.96112	0.97457	1.00597	1.39516	1.39226	1.92667	1.81593	1.49226	1.43917	0.98663	0.95574	1.33323	1.18145	1.5119	1.22891	0.70014	0.059
CTT	0.00537	0.75022	0.87055	0.75147	1.01555	0.73323	1.03715	1.02029	1.11436	0.97874	0.96613	1.06181	1.14157	1.0513	1.02742	0.8485	0.81832	1.05134	1.05717	0.88217	0.69552	0.65038	0.027
GAA	0.00792	0.89892	1.05197	0.95683	1.00336	1.52309	1.07663	1.09197	1.215	1.23922	0.91535	1.14644	1.10696	1.09759	1.19508	1.15051	1.17734	1.05527	1.04468	0.89405	0.87585	1.59831	0.862
GAC	0.01011	0.91066	1.50108	1.11121	0.93215	1.1161	1.13244	1.1834	1.23047	0.99554	1.00605	1.10301	1.09571	1.03604	1.03136	0.96151	0.97916	1.19789	1.93845	1.03974	1.02272	0.96051	0.985
GAG	0.01431	1.08421	1.84359	1.12811	1.19057	1.75681	1.12872	1.20074	1.31823	1.48137	1.029	1.38141	1.31942	1.37421	1.41962	1.28271	1.30278	1.1313	1.05668	1.30826	1.21914	1.53402	0.399
GAT	0.00874	0.84326	1.05381	1.04148	0.95178	1.03955	1.1076	1.19003	1.26085	0.85394	0.90212	1.00204	0.98982	0.99784	1.0097	0.94205	0.97034	1.23469	1.86155	0.96824	0.97624	0.85839	0.433
GCA	0.00953	0.94904	1.01442	1.45748	1.13754	1.04777	1.20895	1.23641	1.06638	1.23149	1.35694	1.2455	1.24875	1.07531	1.05707	0.93568	0.97849	0.99338	1.03404	1.34853	1.36038	0.87334	0.308
GCC	0.00481	0.76878	0.93489	1.10743	0.8978	0.8421	1.11362	1.01048	1.08353	0.97315	0.93193	1.0399	1.06246	0.79028	0.78469	0.86084	0.85195	0.78439	0.84098	1.02695	1.01018	0.87945	0.488
GCG	0.01141	1.00845	1.07185	1.43895	1.40775	1.21166	1.29942	1.30415	1.40277	1.14266	1.38272	1.53034	1.46166	1.25176	1.16208	0.74131	0.72078	1.29978	1.19831	1.72574	1.65563	0.42084	0.099
GCT	0.00417	0.73247	0.87993	1.01838	0.89682	0.79727	1.09964	0.97582	1.11709	0.83351	0.86809	1.02739	1.01874	0.84892	0.82985	0.77716	0.79166	0.85078	0.90597	0.88053	0.89584	0.68401	0.677
GGA	0.01838	1.11086	1.43762	1.77833	1.36185	1.40002	1.05175	1.09873	1.20058	1.88489	1.40483	1.834	1.72764	1.48305	1.46881	1.01902	1.00431	1.11112	1.12796	1.90416	1.74508	1.21459	0.185
GGC	0.01294	1.01603	1.54518	1.47944	1.36101	1.20556	1.06714	1.0498	1.11705	1.60737	1.2254	1.5299	1.4836	1.29454	1.29314	1.07613	1.03071	1.00483	0.96391	1.55194	1.46754	1.29268	0.985
GGG	0.01837	1.15972	1.60351	1.81695	1.47546	1.90001	0.98206	1.06376	1.17037	2.09839	1.14314	1.67594	1.5731	1.63274	1.60374	1.08834	0.95881	1.16439	1.15606	1.99589	1.88069	1.33074	0.182
GGT	0.00713	0.81037	1.10259	1.2293	1.15486	1.02802	0.94485	0.88073	0.97723	1.1605	0.87096	1.15139	1.11639	1.06593	1.10488	0.86809	0.84533	0.94787	0.90771	1.19111	1.18808	1.13985	0.433
GTA	0.00657	0.82426	1.04726	1.21228	0.90486	0.96615	0.99014	1.04424	1.08514	1.06063	1.04226	0.97351	0.95368	1.01125	1.04534	1.01485	1.06197	0.89431	0.92024	1.04128	1.18859	0.79846	0.123
GTC	0.00319	0.69384	0.77207	0.99434	0.74774	0.81811	1.03183	0.97366	1.01373	0.80926	0.77709	0.86585	0.85039	0.77913	0.78593	0.8267	0.84393	0.89206	0.89396	0.84436	0.85414	0.78392	0.621
GTG	0.01197	0.95576	1.57353	1.37041	1.07191	1.00869	0.9801	1.06304	1.16575	1.11595	1.31647	1.31557	1.22397	1.19732	1.14189	0.91326	0.90455	0.96183	0.996	1.49271	1.61437	0.71271	0.163
GTT	0.00275	0.66381	0.72954	0.89561	0.7525	0.82722	1.02198	0.97141	1.06977	0.74224	0.73132	0.82086	0.80973	0.73394	0.74265	0.83331	0.83988	0.90606	0.90297	0.69298	0.76205	0.75638	0.862
TAC	0.01097	0.99987	1.2877	0.59091	1.27311	1.3585	1.27686	1.22722	1.12722	1.495	1.22073	1.33536	1.31988	1.21876	1.30404	1.24517	1.26829	1.11283	1.08098	1.00865	1.12772	1.64765	0.493
TAT	0.0079	0.87803	0.93439	0.48791	1.16727	1.17393	1.18403	1.10847	1.03023	1.21677	0.87994	0.93537	0.93656	1.22158	1.33278	1.23065	1.2341	1.22407	1.09365	0.8335	0.94888	1.57491	0.216
TCA	0.00456	0.72701	0.85986	0.7991	1.00108	0.6691	0.89429	0.91427	0.71902	0.94535	1.05255	0.82735	0.8803	1.02323	1.02565	0.99213	1.02224	0.87029	0.90163	0.94315	0.94053	0.89145	0.185
TCC	0.00428	0.72619	1.10029	0.74374	0.92615	0.61295	0.91842	0.8872	0.8687	0.96705	0.91736	1.05283	1.04742	0.91463	0.90021	1.05072	1.02678	0.8304	0.82273	0.85972	0.87382	0.91948	0.488
TCG	0.01185	0.96068	1.05551	0.86861	1.37488	1.03657	0.92136	0.98312	1.04961	1.24312	1.44772	1.50267	1.44838	1.29989	1.26399	1.10122	1.04959	1.16456	0.99792	1.47308	1.38443	0.86443	0.121
TCT	0.00353	0.67032	0.85889	0.70133	0.87138	0.5549	0.94423	0.86311	0.92902	0.7776	0.81333	0.93774	0.9337	0.91137	0.91143	0.90598	0.87242	0.84385	0.82035	0.75341	0.78479	0.72193	0.677
TGC	0.01009	0.91128	1.15868	1.33437	1.12443	0.90763	1.21229	1.27797	1.37192	1.14285	1.29361	1.28633	1.26234	1.17919	1.07488	0.66622	0.67286	1.05391	1.11234	1.37497	1.35186	0.73827	0.246
TGG	0.01452	1.06047	1.71195	1.54401	1.40706	1.35989	1.1761	1.48839	1.58933	1.3547	1.25908	1.59723	1.54123	1.43427	1.38352	0.60143	0.57359	1.30246	1.31392	1.8024	1.81778	0.67036	0.369
TGT	0.00342	0.62574	0.78163	0.91761	0.77822	0.66624	0.95258	0.90712	1.01072	0.65409	0.70515	0.77512	0.77393	0.83484	0.79021	0.48837	0.47323	0.9714	0.97132	0.82012	0.94874	0.4527	0.108
TTA	0.00285	0.63723	0.69411	0.43027	0.87407	0.59608	0.9327	0.94575	0.85943	0.76853	0.71084	0.6046	0.67844	0.89583	0.90967	1.03068	1.03104	0.92672	0.95912	0.66786	0.49535	0.81945	0.431
TTC	0.00298	0.67705	0.72959	0.89494	0.86823	0.71023	1.05459	0.96974	0.94576	0.8663	0.82637	0.82057	0.84859	0.84711	0.84227	0.87259	0.83078	0.80173	0.90314	0.76388	0.80481	0.80853	0.616
TTG	0.00451	0.72243	0.7682	0.51138	0.99639	0.86936	0.74124	0.68572	0.78959	0.95385	0.84029	0.93648	0.92894	0.99917	1.06899	1.09316	1.0311	0.98311	0.97031	0.76758	0.6976	1.10254	0.754
TTT	0.00394	0.6848	0.60228	0.9067	0.86816	0.70217	1.13334	1.02424	1.07372	0.78508	0.80107	0.78274	0.8077	0.9224	0.91663	0.76717	0.72036	0.94779	1.00123	0.71868	0.81981	0.73227	0.27
