AAA	AAC	AAG	AAT	ACA	ACC	ACG	ACT	AGA	AGC	AGG	AGT	ATA	ATC	ATG	ATT	CAA	CAC	CAG	CAT	CCA	CCC	CCG	CCT	CGA	CGC	CGG	CGT	CTA	CTC	CTG	CTT	GAA	GAC	GAG	GAT	GCA	GCC	GCG	GCT	GGA	GGC	GGG	GGT	GTA	GTC	GTG	GTT	TAC	TAT	TCA	TCC	TCG	TCT	TGC	TGG	TGT	TTA	TTC	TTG	TTT
0.72789	0.76669	0.73408	0.7163	1.09211	0.80097	1.28669	0.77726	1.04603	1.09681	1.23701	0.9865	1.03467	0.75812	0.80473	0.69167	0.73197	0.95425	0.9428	0.78469	1.12917	1.21663	1.68615	0.98311	1.36749	1.24623	1.17842	1.02566	0.99089	1.13112	1.19883	0.87055	1.05197	1.50108	1.84359	1.05381	1.01442	0.93489	1.07185	0.87993	1.43762	1.54518	1.60351	1.10259	1.04726	0.77207	1.57353	0.72954	1.2877	0.93439	0.85986	1.10029	1.05551	0.85889	1.15868	1.71195	0.78163	0.69411	0.72959	0.7682	0.60228
1.04223	0.67067	1.09112	0.61212	1.53647	0.96084	1.77345	0.99822	1.07535	0.86809	1.67179	0.70518	1.35887	0.80926	1.04121	0.7836	0.95015	1.21213	1.64646	1.13368	1.57032	2.24473	3.04765	1.87958	1.91238	1.58895	2.69626	1.09716	1.00095	0.71878	1.05716	0.75147	0.95683	1.11121	1.12811	1.04148	1.45748	1.10743	1.43895	1.01838	1.77833	1.47944	1.81695	1.2293	1.21228	0.99434	1.37041	0.89561	0.59091	0.48791	0.7991	0.74374	0.86861	0.70133	1.33437	1.54401	0.91761	0.43027	0.89494	0.51138	0.9067
1.16797	0.83865	0.92095	0.84942	1.00869	0.74293	1.23005	0.7386	0.98098	0.92888	1.34266	0.91194	1.30335	0.80661	0.815	0.86919	0.70034	0.65959	0.99894	0.67749	1.1602	1.20291	2.67735	1.08154	1.93236	1.48786	1.4382	0.95001	0.95312	1.21825	1.50663	1.01555	1.00336	0.93215	1.19057	0.95178	1.13754	0.8978	1.40775	0.89682	1.36185	1.36101	1.47546	1.15486	0.90486	0.74774	1.07191	0.7525	1.27311	1.16727	1.00108	0.92615	1.37488	0.87138	1.12443	1.40706	0.77822	0.87407	0.86823	0.99639	0.86816
1.51944	1.04667	1.38482	0.91761	0.89644	0.66849	1.27128	0.7364	1.27388	1.22349	1.72339	1.02267	0.87642	0.77897	0.95921	0.84644	0.51929	0.37355	1.11402	0.3863	1.10148	0.80222	1.65425	0.80309	1.09711	1.02597	2.11762	0.71249	0.75176	0.81813	1.21529	0.73323	1.52309	1.1161	1.75681	1.03955	1.04777	0.8421	1.21166	0.79727	1.40002	1.20556	1.90001	1.02802	0.96615	0.81811	1.00869	0.82722	1.3585	1.17393	0.6691	0.61295	1.03657	0.5549	0.90763	1.35989	0.66624	0.59608	0.71023	0.86936	0.70217
0.91596	0.98214	0.89241	0.96341	0.91465	0.77627	0.75953	0.83322	0.78713	1.0513	0.8673	0.91401	0.85541	0.90299	0.8401	0.92058	0.95441	0.9516	0.99841	0.9142	1.33149	1.28163	1.27678	1.42021	1.27642	1.3683	1.40503	1.05455	1.01396	1.07091	0.96112	1.03715	1.07663	1.13244	1.12872	1.1076	1.20895	1.11362	1.29942	1.09964	1.05175	1.06714	0.98206	0.94485	0.99014	1.03183	0.9801	1.02198	1.27686	1.18403	0.89429	0.91842	0.92136	0.94423	1.21229	1.1761	0.95258	0.9327	1.05459	0.74124	1.13334
0.97789	0.91634	0.88941	0.92639	1.02462	0.73559	0.82766	0.80066	0.81954	1.10604	1.03877	0.97565	1.13195	0.81434	0.849	0.869	0.90191	1.07458	1.10052	1.03316	1.19732	1.48797	1.5137	1.32838	1.9945	1.49995	2.10803	1.00863	1.0141	1.09693	0.97457	1.02029	1.09197	1.1834	1.20074	1.19003	1.23641	1.01048	1.30415	0.97582	1.09873	1.0498	1.06376	0.88073	1.04424	0.97366	1.06304	0.97141	1.22722	1.10847	0.91427	0.8872	0.98312	0.86311	1.27797	1.48839	0.90712	0.94575	0.96974	0.68572	1.02424
0.94692	0.90008	0.94344	0.87793	0.75237	0.77826	0.87728	0.84846	0.83764	1.1213	0.99218	0.94313	0.89678	0.76517	0.89063	0.83847	0.7565	0.895	0.95134	0.82813	1.08124	1.44662	1.48997	1.37595	1.76261	1.55232	1.902	1.05643	0.99913	1.09665	1.00597	1.11436	1.215	1.23047	1.31823	1.26085	1.06638	1.08353	1.40277	1.11709	1.20058	1.11705	1.17037	0.97723	1.08514	1.01373	1.16575	1.06977	1.12722	1.03023	0.71902	0.8687	1.04961	0.92902	1.37192	1.58933	1.01072	0.85943	0.94576	0.78959	1.07372
1.07617	0.8139	0.8788	0.76695	0.89564	0.6145	1.10393	0.57476	1.06193	1.06887	1.596	0.90794	1.17192	0.73418	0.77178	0.73744	0.59408	0.52701	1.12561	0.45929	1.43835	1.36768	2.51214	1.10843	1.47327	1.54799	1.26173	0.92025	1.01517	1.36314	1.39516	0.97874	1.23922	0.99554	1.48137	0.85394	1.23149	0.97315	1.14266	0.83351	1.88489	1.60737	2.09839	1.1605	1.06063	0.80926	1.11595	0.74224	1.495	1.21677	0.94535	0.96705	1.24312	0.7776	1.14285	1.3547	0.65409	0.76853	0.8663	0.95385	0.78508
1.07811	0.75633	0.9608	0.7323	1.44476	0.86281	1.7222	0.89941	1.03381	1.0461	1.42865	0.87916	1.24546	0.75951	0.9075	0.74143	0.84949	1.21179	1.45238	0.99482	1.46797	1.97115	3.00811	1.57207	2.58909	1.85442	2.76227	1.11897	1.17277	1.02646	1.39226	0.96613	0.91535	1.00605	1.029	0.90212	1.35694	0.93193	1.38272	0.86809	1.40483	1.2254	1.14314	0.87096	1.04226	0.77709	1.31647	0.73132	1.22073	0.87994	1.05255	0.91736	1.44772	0.81333	1.29361	1.25908	0.70515	0.71084	0.82637	0.84029	0.80107
0.88292	0.70221	0.83608	0.6661	0.99566	0.72503	1.33882	0.7641	1.03691	1.01566	1.54294	0.90265	1.01612	0.70727	0.83745	0.72988	0.63172	0.72362	1.16979	0.58688	1.40693	1.72368	3.6236	1.55183	2.48428	1.80718	2.3111	1.11877	1.14111	1.31218	1.92667	1.06181	1.14644	1.10301	1.38141	1.00204	1.2455	1.0399	1.53034	1.02739	1.834	1.5299	1.67594	1.15139	0.97351	0.86585	1.31557	0.82086	1.33536	0.93537	0.82735	1.05283	1.50267	0.93774	1.28633	1.59723	0.77512	0.6046	0.82057	0.93648	0.78274
0.84657	0.7157	0.7889	0.68228	1.02579	0.74119	1.29653	0.77501	1.01854	1.03381	1.45297	0.90546	0.97391	0.71813	0.80804	0.73128	0.65188	0.76258	1.19653	0.62034	1.3943	1.68755	3.35396	1.49859	2.65482	1.77762	2.15513	1.10561	1.09514	1.44534	1.81593	1.14157	1.10696	1.09571	1.31942	0.98982	1.24875	1.06246	1.46166	1.01874	1.72764	1.4836	1.5731	1.11639	0.95368	0.85039	1.22397	0.80973	1.31988	0.93656	0.8803	1.04742	1.44838	0.9337	1.26234	1.54123	0.77393	0.67844	0.84859	0.92894	0.8077
1.14313	0.75787	0.85092	0.86081	0.90909	0.64277	1.28112	0.66021	1.05037	0.92547	1.46415	0.86809	1.50773	0.86884	0.87801	0.88872	0.68555	0.55206	1.05334	0.6363	1.12166	1.27569	3.30855	1.09966	2.57654	1.40999	1.49031	1.02446	1.02789	1.29887	1.49226	1.0513	1.09759	1.03604	1.37421	0.99784	1.07531	0.79028	1.25176	0.84892	1.48305	1.29454	1.63274	1.06593	1.01125	0.77913	1.19732	0.73394	1.21876	1.22158	1.02323	0.91463	1.29989	0.91137	1.17919	1.43427	0.83484	0.89583	0.84711	0.99917	0.9224
1.1758	0.7761	0.82623	0.88155	0.87497	0.60261	1.18016	0.62628	1.08574	0.91307	1.39721	0.886	1.50709	0.90713	0.82209	0.93704	0.6475	0.50924	0.96839	0.5851	1.1177	1.08136	2.89791	0.96101	2.29833	1.36164	1.26513	0.9606	1.01173	1.20683	1.43917	1.02742	1.19508	1.03136	1.41962	1.0097	1.05707	0.78469	1.16208	0.82985	1.46881	1.29314	1.60374	1.10488	1.04534	0.78593	1.14189	0.74265	1.30404	1.33278	1.02565	0.90021	1.26399	0.91143	1.07488	1.38352	0.79021	0.90967	0.84227	1.06899	0.91663
1.17561	0.87553	1.07222	0.892	0.68966	0.75648	0.91127	0.64761	1.03103	1.06113	1.17091	1.02524	1.01319	1.02933	0.91572	1.01237	0.58422	0.34234	0.85906	0.39305	1.18357	0.83292	1.15327	0.76281	0.59186	0.91145	0.42566	0.71418	0.91177	1.08896	0.98663	0.8485	1.15051	0.96151	1.28271	0.94205	0.93568	0.86084	0.74131	0.77716	1.01902	1.07613	1.08834	0.86809	1.01485	0.8267	0.91326	0.83331	1.24517	1.23065	0.99213	1.05072	1.10122	0.90598	0.66622	0.60143	0.48837	1.03068	0.87259	1.09316	0.76717
1.13299	0.88787	1.05869	0.88833	0.72471	0.736	0.89764	0.65068	1.05544	1.11252	1.14386	1.06421	1.03924	1.04477	0.92028	1.01762	0.59931	0.34001	0.88934	0.39431	1.19764	0.81381	1.1038	0.74005	0.61294	0.95093	0.35482	0.72473	0.94431	1.01522	0.95574	0.81832	1.17734	0.97916	1.30278	0.97034	0.97849	0.85195	0.72078	0.79166	1.00431	1.03071	0.95881	0.84533	1.06197	0.84393	0.90455	0.83988	1.26829	1.2341	1.02224	1.02678	1.04959	0.87242	0.67286	0.57359	0.47323	1.03104	0.83078	1.0311	0.72036
1.21553	0.89804	1.00776	0.99968	0.95692	0.77859	1.12058	0.8061	1.06243	1.04148	1.22359	1.03903	1.2629	0.85586	0.91602	0.94515	0.69429	0.78203	0.85425	0.79029	1.0554	1.0876	2.6407	1.00122	2.17487	1.14016	1.30292	0.96465	0.90555	0.97906	1.33323	1.05134	1.05527	1.19789	1.1313	1.23469	0.99338	0.78439	1.29978	0.85078	1.11112	1.00483	1.16439	0.94787	0.89431	0.89206	0.96183	0.90606	1.11283	1.22407	0.87029	0.8304	1.16456	0.84385	1.05391	1.30246	0.9714	0.92672	0.80173	0.98311	0.94779
1.03036	0.93361	0.90362	0.91126	0.92532	0.79232	1.02164	0.83061	1.05166	1.09153	1.16463	1.04851	1.06792	0.88267	0.95043	0.93615	0.71273	0.86207	0.76556	0.8073	1.09314	0.93704	1.71375	0.92561	1.33845	1.05815	1.2476	0.9352	0.88132	0.92988	1.18145	1.05717	1.04468	1.93845	1.05668	1.86155	1.03404	0.84098	1.19831	0.90597	1.12796	0.96391	1.15606	0.90771	0.92024	0.89396	0.996	0.90297	1.08098	1.09365	0.90163	0.82273	0.99792	0.82035	1.11234	1.31392	0.97132	0.95912	0.90314	0.97031	1.00123
0.86225	0.63675	0.90388	0.62231	1.36777	0.81822	1.81252	0.80695	0.96483	1.03278	1.87277	0.90887	1.20335	0.67375	0.90034	0.62087	0.77607	1.09303	1.68987	0.93586	1.34079	2.0188	3.31811	1.51197	2.67312	1.83841	3.91088	1.21122	1.02361	1.10694	1.5119	0.88217	0.89405	1.03974	1.30826	0.96824	1.34853	1.02695	1.72574	0.88053	1.90416	1.55194	1.99589	1.19111	1.04128	0.84436	1.49271	0.69298	1.00865	0.8335	0.94315	0.85972	1.47308	0.75341	1.37497	1.8024	0.82012	0.66786	0.76388	0.76758	0.71868
0.97532	0.64369	1.00234	0.67626	1.39512	0.79696	1.76951	0.82529	1.06814	1.01786	1.84697	0.9706	1.46239	0.74605	1.01345	0.73107	0.77373	1.02203	1.55845	0.88385	1.29162	1.83395	2.94604	1.48688	2.61987	1.80263	3.26067	1.22883	0.95111	0.59723	1.22891	0.69552	0.87585	1.02272	1.21914	0.97624	1.36038	1.01018	1.65563	0.89584	1.74508	1.46754	1.88069	1.18808	1.18859	0.85414	1.61437	0.76205	1.12772	0.94888	0.94053	0.87382	1.38443	0.78479	1.35186	1.81778	0.94874	0.49535	0.80481	0.6976	0.81981
1.18533	0.95347	0.82132	0.92075	0.61734	0.55924	0.57897	0.48562	1.04555	1.06078	0.98139	0.86291	0.93522	1.00651	0.73258	1.10093	0.43474	0.26175	0.59344	0.23994	1.15934	0.54722	0.82658	0.52441	0.43454	0.66816	0.2445	0.4752	0.75446	0.79635	0.70014	0.65038	1.59831	0.96051	1.53402	0.85839	0.87334	0.87945	0.42084	0.68401	1.21459	1.29268	1.33074	1.13985	0.79846	0.78392	0.71271	0.75638	1.64765	1.57491	0.89145	0.91948	0.86443	0.72193	0.73827	0.67036	0.4527	0.81945	0.80853	1.10254	0.73227
