34633 21975 28902 28378 14548 11710 6485 18480 18848 7373 7236 11247 11939 16500 16597 27768 25037 6810 10418 11533 17287 5838 3874 12480 1324 1990 869 6487 11442 3783 8793 9151 42560 19151 17681 34399 15031 13277 5579 21289 8928 9494 5462 25639 9715 11608 10284 21366 13559 15814 14318 13158 6832 20882 3267 9114 6764 22885 17127 26195 21253
34633 21975 28902 28378 14548 11710 6485 18480 18848 7373 7236 11247 11939 16500 16597 27768 25037 6810 10418 11533 17287 5838 3874 12480 1324 1990 869 6487 11442 3783 8793 9151 42560 19151 17681 34399 15031 13277 5579 21289 8928 9494 5462 25639 9715 11608 10284 21366 13559 15814 14318 13158 6832 20882 3267 9114 6764 22885 17127 26195 21253
34633 21975 28902 28378 14548 11710 6485 18480 18848 7373 7236 11247 11939 16500 16597 27768 25037 6810 10418 11533 17287 5838 3874 12480 1324 1990 869 6487 11442 3783 8793 9151 42560 19151 17681 34399 15031 13277 5579 21289 8928 9494 5462 25639 9715 11608 10284 21366 13559 15814 14318 13158 6832 20882 3267 9114 6764 22885 17127 26195 21253
34633 21975 28902 28378 14548 11710 6485 18480 18848 7373 7236 11247 11939 16500 16597 27768 25037 6810 10418 11533 17287 5838 3874 12480 1324 1990 869 6487 11442 3783 8793 9151 42560 19151 17681 34399 15031 13277 5579 21289 8928 9494 5462 25639 9715 11608 10284 21366 13559 15814 14318 13158 6832 20882 3267 9114 6764 22885 17127 26195 21253
34633 21975 28902 28378 14548 11710 6485 18480 18848 7373 7236 11247 11939 16500 16597 27768 25037 6810 10418 11533 17287 5838 3874 12480 1324 1990 869 6487 11442 3783 8793 9151 42560 19151 17681 34399 15031 13277 5579 21289 8928 9494 5462 25639 9715 11608 10284 21366 13559 15814 14318 13158 6832 20882 3267 9114 6764 22885 17127 26195 21253
34633 21975 28902 28378 14548 11710 6485 18480 18848 7373 7236 11247 11939 16500 16597 27768 25037 6810 10418 11533 17287 5838 3874 12480 1324 1990 869 6487 11442 3783 8793 9151 42560 19151 17681 34399 15031 13277 5579 21289 8928 9494 5462 25639 9715 11608 10284 21366 13559 15814 14318 13158 6832 20882 3267 9114 6764 22885 17127 26195 21253
34633 21975 28902 28378 14548 11710 6485 18480 18848 7373 7236 11247 11939 16500 16597 27768 25037 6810 10418 11533 17287 5838 3874 12480 1324 1990 869 6487 11442 3783 8793 9151 42560 19151 17681 34399 15031 13277 5579 21289 8928 9494 5462 25639 9715 11608 10284 21366 13559 15814 14318 13158 6832 20882 3267 9114 6764 22885 17127 26195 21253
34633 21975 28902 28378 14548 11710 6485 18480 18848 7373 7236 11247 11939 16500 16597 27768 25037 6810 10418 11533 17287 5838 3874 12480 1324 1990 869 6487 11442 3783 8793 9151 42560 19151 17681 34399 15031 13277 5579 21289 8928 9494 5462 25639 9715 11608 10284 21366 13559 15814 14318 13158 6832 20882 3267 9114 6764 22885 17127 26195 21253
34633 21975 28902 28378 14548 11710 6485 18480 18848 7373 7236 11247 11939 16500 16597 27768 25037 6810 10418 11533 17287 5838 3874 12480 1324 1990 869 6487 11442 3783 8793 9151 42560 19151 17681 34399 15031 13277 5579 21289 8928 9494 5462 25639 9715 11608 10284 21366 13559 15814 14318 13158 6832 20882 3267 9114 6764 22885 17127 26195 21253
34633 21975 28902 28378 14548 11710 6485 18480 18848 7373 7236 11247 11939 16500 16597 27768 25037 6810 10418 11533 17287 5838 3874 12480 1324 1990 869 6487 11442 3783 8793 9151 42560 19151 17681 34399 15031 13277 5579 21289 8928 9494 5462 25639 9715 11608 10284 21366 13559 15814 14318 13158 6832 20882 3267 9114 6764 22885 17127 26195 21253
34633 21975 28902 28378 14548 11710 6485 18480 18848 7373 7236 11247 11939 16500 16597 27768 25037 6810 10418 11533 17287 5838 3874 12480 1324 1990 869 6487 11442 3783 8793 9151 42560 19151 17681 34399 15031 13277 5579 21289 8928 9494 5462 25639 9715 11608 10284 21366 13559 15814 14318 13158 6832 20882 3267 9114 6764 22885 17127 26195 21253
34633 21975 28902 28378 14548 11710 6485 18480 18848 7373 7236 11247 11939 16500 16597 27768 25037 6810 10418 11533 17287 5838 3874 12480 1324 1990 869 6487 11442 3783 8793 9151 42560 19151 17681 34399 15031 13277 5579 21289 8928 9494 5462 25639 9715 11608 10284 21366 13559 15814 14318 13158 6832 20882 3267 9114 6764 22885 17127 26195 21253
34633 21975 28902 28378 14548 11710 6485 18480 18848 7373 7236 11247 11939 16500 16597 27768 25037 6810 10418 11533 17287 5838 3874 12480 1324 1990 869 6487 11442 3783 8793 9151 42560 19151 17681 34399 15031 13277 5579 21289 8928 9494 5462 25639 9715 11608 10284 21366 13559 15814 14318 13158 6832 20882 3267 9114 6764 22885 17127 26195 21253
34633 21975 28902 28378 14548 11710 6485 18480 18848 7373 7236 11247 11939 16500 16597 27768 25037 6810 10418 11533 17287 5838 3874 12480 1324 1990 869 6487 11442 3783 8793 9151 42560 19151 17681 34399 15031 13277 5579 21289 8928 9494 5462 25639 9715 11608 10284 21366 13559 15814 14318 13158 6832 20882 3267 9114 6764 22885 17127 26195 21253
34633 21975 28902 28378 14548 11710 6485 18480 18848 7373 7236 11247 11939 16500 16597 27768 25037 6810 10418 11533 17287 5838 3874 12480 1324 1990 869 6487 11442 3783 8793 9151 42560 19151 17681 34399 15031 13277 5579 21289 8928 9494 5462 25639 9715 11608 10284 21366 13559 15814 14318 13158 6832 20882 3267 9114 6764 22885 17127 26195 21253
34633 21975 28902 28378 14548 11710 6485 18480 18848 7373 7236 11247 11939 16500 16597 27768 25037 6810 10418 11533 17287 5838 3874 12480 1324 1990 869 6487 11442 3783 8793 9151 42560 19151 17681 34399 15031 13277 5579 21289 8928 9494 5462 25639 9715 11608 10284 21366 13559 15814 14318 13158 6832 20882 3267 9114 6764 22885 17127 26195 21253
34633 21975 28902 28378 14548 11710 6485 18480 18848 7373 7236 11247 11939 16500 16597 27768 25037 6810 10418 11533 17287 5838 3874 12480 1324 1990 869 6487 11442 3783 8793 9151 42560 19151 17681 34399 15031 13277 5579 21289 8928 9494 5462 25639 9715 11608 10284 21366 13559 15814 14318 13158 6832 20882 3267 9114 6764 22885 17127 26195 21253
34633 21975 28902 28378 14548 11710 6485 18480 18848 7373 7236 11247 11939 16500 16597 27768 25037 6810 10418 11533 17287 5838 3874 12480 1324 1990 869 6487 11442 3783 8793 9151 42560 19151 17681 34399 15031 13277 5579 21289 8928 9494 5462 25639 9715 11608 10284 21366 13559 15814 14318 13158 6832 20882 3267 9114 6764 22885 17127 26195 21253
34633 21975 28902 28378 14548 11710 6485 18480 18848 7373 7236 11247 11939 16500 16597 27768 25037 6810 10418 11533 17287 5838 3874 12480 1324 1990 869 6487 11442 3783 8793 9151 42560 19151 17681 34399 15031 13277 5579 21289 8928 9494 5462 25639 9715 11608 10284 21366 13559 15814 14318 13158 6832 20882 3267 9114 6764 22885 17127 26195 21253
34633 21975 28902 28378 14548 11710 6485 18480 18848 7373 7236 11247 11939 16500 16597 27768 25037 6810 10418 11533 17287 5838 3874 12480 1324 1990 869 6487 11442 3783 8793 9151 42560 19151 17681 34399 15031 13277 5579 21289 8928 9494 5462 25639 9715 11608 10284 21366 13559 15814 14318 13158 6832 20882 3267 9114 6764 22885 17127 26195 21253
