ORF	Name	Length	Number	Peak	Start	End
YAL003W	EFB1	206	2	76	72	76
YAL003W	EFB1	206	2	183	178	185
YAL005C	SSA1	642	2	268	264	268
YAL005C	SSA1	642	2	627	624	629
YAL007C	ERP2	215	1	175	173	177
YAL012W	CYS3	394	4	87	81	95
YAL012W	CYS3	394	4	149	148	152
YAL012W	CYS3	394	4	329	322	330
YAL012W	CYS3	394	4	347	344	348
YAL013W	DEP1	405	1	349	348	352
YAL014C	SYN8	255	1	149	147	151
YAL016W	TPD3	635	1	221	217	222
YAL017W	PSK1	1356	1	654	653	657
YAL019W	FUN30	1131	1	131	129	133
YAL021C	CCR4	837	2	385	382	386
YAL021C	CCR4	837	2	568	565	570
YAL023C	PMT2	759	3	129	128	135
YAL023C	PMT2	759	3	432	427	435
YAL023C	PMT2	759	3	540	536	540
YAL025C	MAK16	306	1	72	71	75
YAL029C	MYO4	1471	1	61	59	64
YAL035W	FUN12	1002	3	116	113	121
YAL035W	FUN12	1002	3	597	594	599
YAL035W	FUN12	1002	3	943	938	945
YAL038W	CDC19	500	5	99	93	110
YAL038W	CDC19	500	5	214	209	217
YAL038W	CDC19	500	5	378	374	380
YAL038W	CDC19	500	5	389	384	392
YAL038W	CDC19	500	5	404	402	408
YAL039C	CYC3	269	1	240	239	243
YAL044C	GCV3	170	2	74	72	76
YAL044C	GCV3	170	2	101	99	103
YAR002W	NUP60	539	3	221	221	225
YAR002W	NUP60	539	3	352	349	353
YAR002W	NUP60	539	3	516	513	518
YAR007C	RFA1	621	1	266	262	269
YAR015W	ADE1	306	3	127	124	128
YAR015W	ADE1	306	3	161	161	166
YAR015W	ADE1	306	3	176	174	178
YAR018C	KIN3	435	1	288	286	290
YAR042W	SWH1	1188	1	250	250	254
YBL002W	HTB2	131	1	128	116	131
YBL003C	HTA2	132	1	128	124	129
YBL007C	SLA1	1244	2	162	156	162
YBL007C	SLA1	1244	2	1059	1055	1060
YBL016W	FUS3	353	2	267	264	268
YBL016W	FUS3	353	2	328	320	330
YBL024W	NCL1	684	1	670	669	679
YBL027W	RPL19B	189	1	109	107	112
YBL030C	PET9	318	2	103	95	105
YBL030C	PET9	318	2	141	138	142
YBL032W	HEK2	381	2	194	193	197
YBL032W	HEK2	381	2	251	248	253
YBL033C	RIB1	345	1	320	320	324
YBL039C	URA7	579	1	375	374	380
YBL041W	PRE7	241	1	146	143	150
YBL045C	COR1	457	1	294	290	296
YBL046W	PSY4	441	1	368	366	370
YBL047C	EDE1	1381	4	90	88	93
YBL047C	EDE1	1381	4	109	108	112
YBL047C	EDE1	1381	4	215	210	218
YBL047C	EDE1	1381	4	371	366	374
YBL051C	PIN4	668	2	556	553	557
YBL051C	PIN4	668	2	593	591	595
YBL057C	PTH2	208	1	127	122	127
YBL064C	PRX1	261	2	93	85	99
YBL064C	PRX1	261	2	230	230	235
YBL076C	ILS1	1072	5	184	183	188
YBL076C	ILS1	1072	5	325	323	327
YBL076C	ILS1	1072	5	408	407	411
YBL076C	ILS1	1072	5	450	449	453
YBL076C	ILS1	1072	5	770	768	773
YBL079W	NUP170	1502	2	472	467	472
YBL079W	NUP170	1502	2	753	749	753
YBL087C	RPL23A	137	1	114	112	118
YBL091C	MAP2	421	1	396	390	399
YBL092W	RPL32	130	1	91	88	94
YBL099W	ATP1	545	3	329	325	332
YBL099W	ATP1	545	3	411	410	414
YBL099W	ATP1	545	3	450	447	453
YBL101C	ECM21	1117	2	570	566	570
YBL101C	ECM21	1117	2	763	759	764
YBL105C	PKC1	1151	2	1043	1039	1043
YBL105C	PKC1	1151	2	1125	1120	1125
YBR010W	HHT1	136	1	111	108	112
YBR011C	IPP1	287	1	263	249	268
YBR015C	MNN2	597	2	276	270	276
YBR015C	MNN2	597	2	326	324	331
YBR025C	OLA1	394	3	87	83	90
YBR025C	OLA1	394	3	99	98	106
YBR025C	OLA1	394	3	297	294	298
YBR026C	ETR1	380	1	89	86	92
YBR030W	RKM3	552	1	486	486	491
YBR031W	RPL4A	362	1	131	128	134
YBR034C	HMT1	348	1	156	156	162
YBR035C	PDX3	228	1	193	192	197
YBR038W	CHS2	963	2	72	70	76
YBR038W	CHS2	963	2	88	83	88
YBR039W	ATP3	311	2	174	172	176
YBR039W	ATP3	311	2	206	202	210
YBR048W	RPS11B	156	2	112	108	116
YBR048W	RPS11B	156	2	142	140	145
YBR067C	TIP1	210	3	112	107	114
YBR067C	TIP1	210	3	139	137	144
YBR067C	TIP1	210	3	150	147	151
YBR069C	TAT1	619	2	127	123	128
YBR069C	TAT1	619	2	364	355	364
YBR071W		211	1	125	122	129
YBR073W	RDH54	958	1	639	637	642
YBR078W	ECM33	429	3	133	130	134
YBR078W	ECM33	429	3	209	207	211
YBR078W	ECM33	429	3	409	409	415
YBR079C	RPG1	964	3	454	451	459
YBR079C	RPG1	964	3	853	851	856
YBR079C	RPG1	964	3	937	928	942
YBR080C	SEC18	758	1	656	656	660
YBR082C	UBC4	148	1	69	60	70
YBR084C-A	RPL19A	189	1	91	88	93
YBR084W	MIS1	975	1	136	132	140
YBR087W	RFC5	354	1	184	183	188
YBR088C	POL30	258	2	139	133	140
YBR088C	POL30	258	2	233	229	235
YBR092C	PHO3	467	1	169	169	175
YBR094W	PBY1	753	1	592	588	592
YBR106W	PHO88	188	1	142	140	144
YBR111C	YSA1	231	1	130	126	132
YBR112C	CYC8	966	2	144	144	149
YBR112C	CYC8	966	2	666	664	671
YBR115C	LYS2	1392	2	328	325	332
YBR115C	LYS2	1392	2	526	522	527
YBR121C	GRS1	667	2	139	136	142
YBR121C	GRS1	667	2	250	248	255
YBR126C	TPS1	495	2	365	361	367
YBR126C	TPS1	495	2	493	488	495
YBR127C	VMA2	517	4	264	258	267
YBR127C	VMA2	517	4	374	372	376
YBR127C	VMA2	517	4	412	411	415
YBR127C	VMA2	517	4	512	509	514
YBR130C	SHE3	425	1	396	396	401
YBR137W		179	1	144	141	146
YBR139W		508	2	132	128	138
YBR139W		508	2	146	146	151
YBR143C	SUP45	437	1	72	69	75
YBR149W	ARA1	344	2	145	145	149
YBR149W	ARA1	344	2	244	243	247
YBR158W	AMN1	549	1	326	323	328
YBR162C	TOS1	455	3	169	165	173
YBR162C	TOS1	455	3	207	196	211
YBR162C	TOS1	455	3	270	270	274
YBR169C	SSE2	693	2	288	282	289
YBR169C	SSE2	693	2	517	517	522
YBR172C	SMY2	740	1	635	633	637
YBR173C	UMP1	148	1	97	95	99
YBR189W	RPS9B	195	1	55	54	58
YBR191W	RPL21A	160	2	137	136	141
YBR191W	RPL21A	160	2	150	148	157
YBR196C	PGI1	554	6	174	168	174
YBR196C	PGI1	554	6	188	185	190
YBR196C	PGI1	554	6	221	220	227
YBR196C	PGI1	554	6	317	314	319
YBR196C	PGI1	554	6	396	393	400
YBR196C	PGI1	554	6	537	535	540
YBR202W	MCM7	845	1	828	822	829
YBR205W	KTR3	404	1	334	330	334
YBR212W	NGR1	672	1	641	639	643
YBR214W	SDS24	527	2	460	455	460
YBR214W	SDS24	527	2	466	462	467
YBR218C	PYC2	1180	7	273	266	273
YBR218C	PYC2	1180	7	337	336	342
YBR218C	PYC2	1180	7	365	364	368
YBR218C	PYC2	1180	7	411	405	415
YBR218C	PYC2	1180	7	564	558	565
YBR218C	PYC2	1180	7	595	595	599
YBR218C	PYC2	1180	7	1176	1172	1178
YBR221C	PDB1	366	2	227	225	229
YBR221C	PDB1	366	2	352	348	354
YBR222C	PCS60	543	1	94	90	94
YBR234C	ARC40	384	1	84	80	84
YBR238C		731	1	138	134	139
YBR248C	HIS7	552	1	114	111	116
YBR249C	ARO4	370	1	356	356	360
YBR251W	MRPS5	307	1	77	75	80
YBR261C	TAE1	232	1	128	127	131
YBR263W	SHM1	490	2	155	153	157
YBR263W	SHM1	490	2	263	263	269
YBR265W	TSC10	320	1	237	232	237
YBR282W	MRPL27	146	1	116	111	116
YBR283C	SSH1	490	1	348	345	350
YBR286W	APE3	537	2	168	167	171
YBR286W	APE3	537	2	500	497	502
YCL001W	RER1	188	1	85	83	87
YCL005W-A	VMA9	73	1	61	59	63
YCL009C	ILV6	309	5	143	140	148
YCL009C	ILV6	309	5	190	187	192
YCL009C	ILV6	309	5	208	204	211
YCL009C	ILV6	309	5	255	252	258
YCL009C	ILV6	309	5	306	304	309
YCL011C	GBP2	427	1	75	72	76
YCL017C	NFS1	497	1	158	157	162
YCL024W	KCC4	1037	1	86	86	90
YCL028W	RNQ1	405	1	200	196	202
YCL030C	HIS4	799	3	473	470	478
YCL030C	HIS4	799	3	484	482	486
YCL030C	HIS4	799	3	528	526	530
YCL033C	MXR2	168	1	106	104	108
YCL037C	SRO9	434	3	86	85	90
YCL037C	SRO9	434	3	334	330	334
YCL037C	SRO9	434	3	399	395	401
YCL040W	GLK1	500	2	361	361	367
YCL040W	GLK1	500	2	399	396	402
YCL043C	PDI1	522	3	86	84	89
YCL043C	PDI1	522	3	130	121	132
YCL043C	PDI1	522	3	174	173	177
YCL044C	MGR1	417	1	81	81	90
YCL050C	APA1	321	2	101	96	101
YCL050C	APA1	321	2	118	117	121
YCL054W	SPB1	841	1	189	185	191
YCL064C	CHA1	360	1	141	138	146
YCR002C	CDC10	322	1	160	160	164
YCR004C	YCP4	247	1	208	205	212
YCR012W	PGK1	416	5	110	109	116
YCR012W	PGK1	416	5	168	164	171
YCR012W	PGK1	416	5	187	182	188
YCR012W	PGK1	416	5	348	345	353
YCR012W	PGK1	416	5	363	359	365
YCR028C-A	RIM1	135	1	124	124	129
YCR031C	RPS14A	137	1	123	121	125
YCR033W	SNT1	1226	1	1181	1178	1182
YCR034W	ELO2	347	1	72	71	76
YCR043C		127	1	99	96	101
YCR051W		222	1	83	83	87
YCR052W	RSC6	483	3	330	328	332
YCR052W	RSC6	483	3	350	345	351
YCR052W	RSC6	483	3	380	375	384
YCR053W	THR4	514	2	95	93	103
YCR053W	THR4	514	2	325	325	329
YCR057C	PWP2	923	2	444	444	453
YCR057C	PWP2	923	2	728	725	729
YCR061W		631	1	70	69	76
YCR065W	HCM1	564	2	418	415	419
YCR065W	HCM1	564	2	503	500	506
YCR073W-A	SOL2	315	1	236	233	239
YCR077C	PAT1	796	1	415	407	422
YCR084C	TUP1	713	5	204	200	206
YCR084C	TUP1	713	5	258	251	259
YCR084C	TUP1	713	5	312	309	313
YCR084C	TUP1	713	5	401	399	404
YCR084C	TUP1	713	5	437	436	444
YCR086W	CSM1	190	1	166	161	168
YCR088W	ABP1	592	5	160	158	163
YCR088W	ABP1	592	5	168	166	172
YCR088W	ABP1	592	5	186	183	191
YCR088W	ABP1	592	5	365	360	368
YCR088W	ABP1	592	5	517	516	521
YCR093W	CDC39	2108	1	1747	1743	1748
YDL014W	NOP1	327	1	246	244	250
YDL019C	OSH2	1283	1	68	66	70
YDL022W	GPD1	391	2	98	96	103
YDL022W	GPD1	391	2	251	249	253
YDL029W	ARP2	391	1	312	310	316
YDL040C	NAT1	854	2	408	406	415
YDL040C	NAT1	854	2	840	840	844
YDL042C	SIR2	562	1	492	490	495
YDL052C	SLC1	303	1	257	250	263
YDL053C	PBP4	185	1	86	83	89
YDL055C	PSA1	361	3	137	133	139
YDL055C	PSA1	361	3	262	258	265
YDL055C	PSA1	361	3	300	297	301
YDL058W	USO1	1790	1	717	717	722
YDL064W	UBC9	157	1	127	124	130
YDL066W	IDP1	428	3	68	65	71
YDL066W	IDP1	428	3	179	175	180
YDL066W	IDP1	428	3	192	187	193
YDL070W	BDF2	638	1	239	238	249
YDL075W	RPL31A	113	1	92	86	98
YDL078C	MDH3	343	2	103	101	107
YDL078C	MDH3	343	2	228	226	231
YDL082W	RPL13A	199	2	59	57	64
YDL082W	RPL13A	199	2	145	140	148
YDL084W	SUB2	446	2	124	121	126
YDL084W	SUB2	446	2	249	247	253
YDL086W		273	1	153	149	158
YDL088C	ASM4	528	1	427	424	432
YDL095W	PMT1	817	2	75	70	87
YDL095W	PMT1	817	2	94	93	100
YDL097C	RPN6	434	1	112	108	114
YDL100C	GET3	354	1	230	228	234
YDL103C	QRI1	477	1	196	195	202
YDL112W	TRM3	1436	1	155	155	160
YDL124W		312	2	97	95	100
YDL124W		312	2	212	208	213
YDL126C	CDC48	835	5	116	113	120
YDL126C	CDC48	835	5	365	362	366
YDL126C	CDC48	835	5	478	474	482
YDL126C	CDC48	835	5	579	579	583
YDL126C	CDC48	835	5	658	657	661
YDL127W	PCL2	308	1	278	275	280
YDL128W	VCX1	411	1	177	173	179
YDL130W	RPP1B	106	1	84	80	87
YDL131W	LYS21	440	1	408	406	414
YDL134C	PPH21	369	1	349	348	352
YDL140C	RPO21	1733	9	241	239	249
YDL140C	RPO21	1733	9	316	315	319
YDL140C	RPO21	1733	9	1098	1095	1099
YDL140C	RPO21	1733	9	1548	1542	1559
YDL140C	RPO21	1733	9	1571	1567	1575
YDL140C	RPO21	1733	9	1626	1614	1632
YDL140C	RPO21	1733	9	1662	1656	1664
YDL140C	RPO21	1733	9	1676	1674	1678
YDL140C	RPO21	1733	9	1689	1683	1697
YDL141W	BPL1	690	1	498	493	502
YDL143W	CCT4	528	1	391	390	397
YDL145C	COP1	1201	4	109	100	112
YDL145C	COP1	1201	4	176	174	178
YDL145C	COP1	1201	4	916	909	916
YDL145C	COP1	1201	4	960	955	963
YDL160C	DHH1	506	1	132	129	133
YDL164C	CDC9	755	1	111	108	113
YDL171C	GLT1	2145	5	576	572	579
YDL171C	GLT1	2145	5	1040	1039	1043
YDL171C	GLT1	2145	5	1054	1051	1056
YDL171C	GLT1	2145	5	1779	1776	1781
YDL171C	GLT1	2145	5	1878	1875	1879
YDL173W	PAR32	295	1	149	148	153
YDL182W	LYS20	428	1	416	411	420
YDL185W	VMA1	1071	7	83	81	85
YDL185W	VMA1	1071	7	374	371	378
YDL185W	VMA1	1071	7	402	398	402
YDL185W	VMA1	1071	7	636	633	639
YDL185W	VMA1	1071	7	692	688	694
YDL185W	VMA1	1071	7	858	855	859
YDL185W	VMA1	1071	7	869	865	870
YDL189W	RBS1	457	1	321	321	327
YDL191W	RPL35A	120	1	118	115	120
YDL192W	ARF1	181	1	139	136	140
YDL195W	SEC31	1273	4	808	803	814
YDL195W	SEC31	1273	4	855	850	862
YDL195W	SEC31	1273	4	972	964	972
YDL195W	SEC31	1273	4	1099	1094	1102
YDL198C	GGC1	300	2	183	183	187
YDL198C	GGC1	300	2	219	213	225
YDL201W	TRM8	286	1	185	181	188
YDL205C	HEM3	327	1	208	208	212
YDL227C	HO	586	1	571	570	574
YDL236W	PHO13	312	1	212	208	212
YDR012W	RPL4B	362	1	131	128	134
YDR025W	RPS11A	156	2	115	109	115
YDR025W	RPS11A	156	2	143	141	148
YDR028C	REG1	1014	1	879	874	881
YDR032C	PST2	198	1	176	172	179
YDR033W	MRH1	320	2	163	160	164
YDR033W	MRH1	320	2	294	289	297
YDR035W	ARO3	370	1	74	73	79
YDR037W	KRS1	591	3	186	182	186
YDR037W	KRS1	591	3	382	378	385
YDR037W	KRS1	591	3	440	436	445
YDR044W	HEM13	328	1	172	169	173
YDR050C	TPI1	248	1	88	87	92
YDR054C	CDC34	295	2	71	71	77
YDR054C	CDC34	295	2	139	136	140
YDR055W	PST1	444	1	93	88	95
YDR059C	UBC5	148	1	118	117	121
YDR060W	MAK21	1025	1	831	829	833
YDR062W	LCB2	561	1	371	370	376
YDR064W	RPS13	151	2	135	133	138
YDR064W	RPS13	151	2	146	142	151
YDR074W	TPS2	896	1	207	206	212
YDR077W	SED1	338	3	75	71	75
YDR077W	SED1	338	3	88	82	88
YDR077W	SED1	338	3	271	268	272
YDR091C	RLI1	608	2	356	351	357
YDR091C	RLI1	608	2	492	492	500
YDR092W	UBC13	153	1	105	100	108
YDR098C	GRX3	285	1	254	249	254
YDR099W	BMH2	273	2	112	112	116
YDR099W	BMH2	273	2	169	164	171
YDR101C	ARX1	593	1	535	532	536
YDR103W	STE5	917	2	314	311	315
YDR103W	STE5	917	2	526	522	526
YDR117C	TMA64	565	1	117	113	120
YDR120C	TRM1	570	1	146	142	146
YDR127W	ARO1	1588	3	320	315	322
YDR127W	ARO1	1588	3	422	418	425
YDR127W	ARO1	1588	3	857	856	860
YDR129C	SAC6	642	1	331	329	334
YDR143C	SAN1	610	1	425	423	428
YDR144C	MKC7	596	1	91	90	95
YDR145W	TAF12	539	1	301	298	302
YDR146C	SWI5	709	1	448	443	449
YDR148C	KGD2	463	2	260	258	262
YDR148C	KGD2	463	2	345	341	346
YDR155C	CPR1	162	4	95	91	97
YDR155C	CPR1	162	4	102	99	103
YDR155C	CPR1	162	4	114	112	117
YDR155C	CPR1	162	4	148	148	152
YDR158W	HOM2	365	1	283	281	285
YDR162C	NBP2	236	1	119	118	122
YDR165W	TRM82	444	2	99	95	102
YDR165W	TRM82	444	2	433	432	438
YDR169C	STB3	513	1	345	343	348
YDR170C	SEC7	2009	2	331	331	336
YDR170C	SEC7	2009	2	578	577	582
YDR171W	HSP42	375	1	231	221	232
YDR172W	SUP35	685	3	470	464	473
YDR172W	SUP35	685	3	485	481	495
YDR172W	SUP35	685	3	629	629	634
YDR174W	HMO1	246	2	189	185	191
YDR174W	HMO1	246	2	212	210	219
YDR177W	UBC1	215	1	119	118	122
YDR178W	SDH4	181	2	78	77	81
YDR178W	SDH4	181	2	95	90	96
YDR186C	SND1	877	1	405	402	408
YDR188W	CCT6	546	2	375	373	383
YDR188W	CCT6	546	2	426	422	427
YDR189W	SLY1	666	2	131	129	134
YDR189W	SLY1	666	2	247	242	248
YDR190C	RVB1	463	1	334	331	338
YDR195W	REF2	533	1	481	477	482
YDR208W	MSS4	779	1	279	274	280
YDR214W	AHA1	350	2	84	81	86
YDR214W	AHA1	350	2	231	227	232
YDR225W	HTA1	132	1	124	123	127
YDR226W	ADK1	222	2	142	141	145
YDR226W	ADK1	222	2	179	178	182
YDR228C	PCF11	626	1	391	390	395
YDR232W	HEM1	548	2	160	158	163
YDR232W	HEM1	548	2	241	240	244
YDR233C	RTN1	295	1	265	263	269
YDR234W	LYS4	693	1	136	133	139
YDR238C	SEC26	973	1	918	918	922
YDR246W	TRS23	219	1	165	165	169
YDR251W	PAM1	830	1	747	745	749
YDR266C	HEL2	639	2	434	432	437
YDR266C	HEL2	639	2	578	574	580
YDR272W	GLO2	274	1	120	119	123
YDR293C	SSD1	1250	4	236	234	238
YDR293C	SSD1	1250	4	465	462	467
YDR293C	SSD1	1250	4	831	827	831
YDR293C	SSD1	1250	4	854	853	859
YDR296W	MHR1	226	1	155	153	161
YDR300C	PRO1	428	2	195	191	195
YDR300C	PRO1	428	2	428	424	428
YDR304C	CPR5	225	1	61	59	65
YDR309C	GIC2	383	4	295	292	297
YDR309C	GIC2	383	4	336	334	338
YDR309C	GIC2	383	4	362	357	363
YDR309C	GIC2	383	4	377	377	382
YDR321W	ASP1	381	1	282	276	282
YDR328C	SKP1	194	1	82	78	83
YDR330W	UBX5	500	1	284	283	288
YDR341C		607	3	223	219	224
YDR341C		607	3	258	257	261
YDR341C		607	3	532	530	536
YDR345C	HXT3	567	1	285	281	285
YDR353W	TRR1	319	1	277	274	279
YDR354W	TRP4	380	1	121	121	128
YDR359C	EAF1	982	1	206	205	211
YDR381W	YRA1	226	2	80	78	83
YDR381W	YRA1	226	2	163	163	167
YDR382W	RPP2B	110	1	75	70	76
YDR388W	RVS167	482	3	340	336	342
YDR388W	RVS167	482	3	385	383	388
YDR388W	RVS167	482	3	402	399	405
YDR390C	UBA2	636	1	155	154	158
YDR394W	RPT3	428	2	264	260	266
YDR394W	RPT3	428	2	362	359	363
YDR395W	SXM1	944	1	147	140	147
YDR397C	NCB2	146	1	118	115	120
YDR399W	HPT1	221	1	119	117	121
YDR408C	ADE8	214	1	125	124	130
YDR418W	RPL12B	165	2	75	73	79
YDR418W	RPL12B	165	2	139	136	142
YDR422C	SIP1	815	1	690	685	690
YDR429C	TIF35	274	1	237	233	239
YDR430C	CYM1	989	1	149	146	151
YDR432W	NPL3	414	3	129	129	136
YDR432W	NPL3	414	3	199	196	202
YDR432W	NPL3	414	3	278	275	280
YDR450W	RPS18A	146	1	80	78	86
YDR454C	GUK1	187	1	72	72	76
YDR457W	TOM1	3268	3	449	445	451
YDR457W	TOM1	3268	3	1035	1033	1038
YDR457W	TOM1	3268	3	2192	2192	2196
YDR462W	MRPL28	147	1	133	133	138
YDR463W	STP1	519	2	148	145	149
YDR463W	STP1	519	2	405	400	406
YDR471W	RPL27B	136	1	83	80	89
YDR472W	TRS31	283	1	137	133	139
YDR477W	SNF1	633	2	321	317	321
YDR477W	SNF1	633	2	492	490	494
YDR480W	DIG2	323	1	202	198	203
YDR481C	PHO8	566	1	230	227	231
YDR485C	VPS72	795	1	646	645	650
YDR487C	RIB3	208	2	107	102	110
YDR487C	RIB3	208	2	120	119	123
YDR490C	PKH1	766	1	738	737	741
YDR492W	IZH1	316	1	112	108	115
YDR502C	SAM2	384	1	288	281	290
YDR507C	GIN4	1142	2	72	69	73
YDR507C	GIN4	1142	2	427	426	430
YDR508C	GNP1	663	2	93	93	97
YDR508C	GNP1	663	2	424	422	426
YDR510W	SMT3	101	1	78	75	79
YDR513W	GRX2	143	1	81	74	82
YDR516C	EMI2	500	1	228	227	232
YDR517W	GRH1	372	1	66	65	70
YDR527W	RBA50	439	1	323	318	325
YDR539W	FDC1	503	1	117	113	117
YEL007W	MIT1	666	3	171	167	171
YEL007W	MIT1	666	3	253	251	259
YEL007W	MIT1	666	3	482	481	485
YEL022W	GEA2	1459	1	1029	1029	1034
YEL026W	SNU13	126	1	112	101	112
YEL027W	VMA3	160	1	106	103	111
YEL031W	SPF1	1215	2	151	149	154
YEL031W	SPF1	1215	2	358	355	359
YEL032W	MCM3	971	1	270	263	271
YEL037C	RAD23	398	1	94	89	99
YEL040W	UTR2	467	4	242	242	248
YEL040W	UTR2	467	4	303	302	306
YEL040W	UTR2	467	4	368	364	369
YEL040W	UTR2	467	4	416	416	422
YEL042W	GDA1	518	1	241	237	242
YEL046C	GLY1	387	4	142	140	149
YEL046C	GLY1	387	4	221	218	222
YEL046C	GLY1	387	4	288	287	291
YEL046C	GLY1	387	4	371	367	374
YEL052W	AFG1	509	1	358	353	359
YEL054C	RPL12A	165	2	76	72	80
YEL054C	RPL12A	165	2	139	138	142
YEL055C	POL5	1022	1	178	178	182
YEL056W	HAT2	401	1	250	250	255
YEL058W	PCM1	557	2	86	82	88
YEL058W	PCM1	557	2	150	147	152
YEL060C	PRB1	635	1	463	460	465
YEL063C	CAN1	590	1	114	113	117
YEL071W	DLD3	496	1	300	293	302
YER001W	MNN1	762	1	539	539	543
YER003C	PMI40	429	2	98	92	99
YER003C	PMI40	429	2	190	188	194
YER007C-A	TMA20	181	1	113	111	115
YER011W	TIR1	254	2	122	120	133
YER011W	TIR1	254	2	140	136	144
YER019W	ISC1	477	2	179	179	184
YER019W	ISC1	477	2	431	430	435
YER021W	RPN3	523	1	396	391	396
YER023W	PRO3	286	2	194	188	196
YER023W	PRO3	286	2	275	274	280
YER025W	GCD11	527	5	183	179	185
YER025W	GCD11	527	5	212	211	215
YER025W	GCD11	527	5	304	303	308
YER025W	GCD11	527	5	392	392	397
YER025W	GCD11	527	5	418	416	421
YER029C	SMB1	196	1	186	185	189
YER036C	ARB1	610	3	395	390	395
YER036C	ARB1	610	3	524	522	526
YER036C	ARB1	610	3	552	550	557
YER040W	GLN3	730	1	434	432	438
YER043C	SAH1	449	1	89	87	99
YER052C	HOM3	527	2	103	98	105
YER052C	HOM3	527	2	337	335	340
YER055C	HIS1	297	2	192	187	193
YER055C	HIS1	297	2	285	282	287
YER056C	FCY2	533	1	311	308	312
YER056C-A	RPL34A	121	1	67	60	68
YER059W	PCL6	420	1	162	160	164
YER061C	CEM1	442	1	292	288	293
YER062C	GPP2	250	1	148	148	153
YER063W	THO1	218	1	116	114	121
YER064C	VHR2	505	1	131	129	134
YER068W	MOT2	587	1	524	524	528
YER070W	RNR1	888	4	111	109	117
YER070W	RNR1	888	4	297	296	303
YER070W	RNR1	888	4	373	371	375
YER070W	RNR1	888	4	845	844	856
YER072W	VTC1	129	1	83	77	87
YER073W	ALD5	520	3	156	155	160
YER073W	ALD5	520	3	226	222	227
YER073W	ALD5	520	3	449	449	455
YER074W	RPS24A	135	2	70	64	71
YER074W	RPS24A	135	2	123	119	124
YER080W	AIM9	627	1	107	104	108
YER086W	ILV1	576	3	63	58	65
YER086W	ILV1	576	3	155	153	157
YER086W	ILV1	576	3	400	399	405
YER088C	DOT6	670	1	183	180	184
YER089C	PTC2	464	1	463	458	463
YER090W	TRP2	507	3	84	82	86
YER090W	TRP2	507	3	208	205	213
YER090W	TRP2	507	3	279	278	282
YER091C	MET6	767	3	383	379	386
YER091C	MET6	767	3	573	573	577
YER091C	MET6	767	3	631	626	635
YER094C	PUP3	205	2	156	153	157
YER094C	PUP3	205	2	175	174	179
YER100W	UBC6	250	1	97	96	102
YER105C	NUP157	1391	1	487	480	487
YER107C	GLE2	365	1	161	157	164
YER110C	KAP123	1113	3	81	77	85
YER110C	KAP123	1113	3	353	345	354
YER110C	KAP123	1113	3	888	883	889
YER112W	LSM4	187	1	138	135	141
YER114C	BOI2	1040	1	524	521	528
YER118C	SHO1	367	1	56	54	58
YER120W	SCS2	244	2	90	88	94
YER120W	SCS2	244	2	164	161	166
YER124C	DSE1	573	1	155	148	155
YER126C	NSA2	261	1	187	186	190
YER131W	RPS26B	119	1	99	97	102
YER134C		178	1	101	96	104
YER136W	GDI1	451	1	438	436	441
YER141W	COX15	486	1	126	124	131
YER148W	SPT15	240	1	56	52	57
YER151C	UBP3	912	2	340	340	347
YER151C	UBP3	912	2	403	397	405
YER152C		443	1	308	303	308
YER154W	OXA1	402	2	73	69	74
YER154W	OXA1	402	2	144	144	149
YER155C	BEM2	2167	2	498	497	501
YER155C	BEM2	2167	2	918	916	921
YER164W	CHD1	1468	2	444	435	444
YER164W	CHD1	1468	2	1340	1340	1344
YER165W	PAB1	577	1	425	423	434
YER177W	BMH1	267	2	109	105	113
YER177W	BMH1	267	2	170	162	171
YER178W	PDA1	420	5	71	69	73
YER178W	PDA1	420	5	208	205	211
YER178W	PDA1	420	5	254	253	257
YER178W	PDA1	420	5	316	315	322
YER178W	PDA1	420	5	376	375	382
YFL004W	VTC2	828	3	186	183	187
YFL004W	VTC2	828	3	410	410	414
YFL004W	VTC2	828	3	445	442	448
YFL005W	SEC4	215	1	191	190	194
YFL009W	CDC4	779	1	760	755	760
YFL010C	WWM1	211	1	72	67	73
YFL018C	LPD1	499	1	181	175	185
YFL022C	FRS2	503	3	199	196	202
YFL022C	FRS2	503	3	266	264	269
YFL022C	FRS2	503	3	335	329	338
YFL023W	BUD27	796	1	497	497	501
YFL026W	STE2	431	1	384	381	386
YFL037W	TUB2	457	1	171	163	176
YFL038C	YPT1	206	3	71	68	74
YFL038C	YPT1	206	3	155	153	157
YFL038C	YPT1	206	3	205	201	206
YFL039C	ACT1	375	3	321	319	323
YFL039C	ACT1	375	3	335	330	336
YFL039C	ACT1	375	3	340	339	344
YFL045C	SEC53	254	1	95	92	97
YFR009W	GCN20	752	1	534	530	534
YFR021W	ATG18	500	1	421	417	423
YFR024C-A	LSB3	459	1	204	202	206
YFR028C	CDC14	551	1	121	118	127
YFR031C-A	RPL2A	254	1	130	126	131
YFR037C	RSC8	557	1	175	171	175
YFR044C	DUG1	481	3	75	72	76
YFR044C	DUG1	481	3	81	78	85
YFR044C	DUG1	481	3	158	155	159
YFR051C	RET2	546	2	439	436	441
YFR051C	RET2	546	2	533	527	535
YFR052W	RPN12	274	1	199	198	202
YFR053C	HXK1	485	1	162	157	163
YFR055W	IRC7	340	1	220	220	224
YGL008C	PMA1	918	6	492	490	494
YGL008C	PMA1	918	6	540	533	540
YGL008C	PMA1	918	6	609	605	612
YGL008C	PMA1	918	6	666	654	673
YGL008C	PMA1	918	6	745	743	747
YGL008C	PMA1	918	6	862	860	864
YGL009C	LEU1	779	5	122	121	127
YGL009C	LEU1	779	5	147	146	152
YGL009C	LEU1	779	5	164	164	168
YGL009C	LEU1	779	5	459	456	460
YGL009C	LEU1	779	5	511	507	520
YGL011C	SCL1	252	1	214	213	218
YGL014W	PUF4	888	4	442	440	445
YGL014W	PUF4	888	4	448	447	451
YGL014W	PUF4	888	4	674	672	676
YGL014W	PUF4	888	4	789	783	789
YGL026C	TRP5	707	3	85	81	85
YGL026C	TRP5	707	3	155	154	158
YGL026C	TRP5	707	3	488	483	495
YGL028C	SCW11	542	2	83	81	85
YGL028C	SCW11	542	2	161	156	162
YGL030W	RPL30	105	2	50	46	50
YGL030W	RPL30	105	2	81	77	84
YGL031C	RPL24A	155	2	79	76	83
YGL031C	RPL24A	155	2	154	150	155
YGL035C	MIG1	504	1	501	496	501
YGL037C	PNC1	216	1	173	171	176
YGL038C	OCH1	480	1	91	91	96
YGL039W		348	1	211	210	214
YGL040C	HEM2	342	1	238	237	241
YGL043W	DST1	309	1	240	237	242
YGL048C	RPT6	405	2	232	227	234
YGL048C	RPT6	405	2	242	241	245
YGL056C	SDS23	527	1	458	456	460
YGL058W	RAD6	172	1	119	117	121
YGL062W	PYC1	1178	2	266	264	268
YGL062W	PYC1	1178	2	417	413	417
YGL065C	ALG2	503	1	468	465	469
YGL066W	SGF73	657	1	482	482	488
YGL067W	NPY1	384	1	295	291	295
YGL068W	MNP1	194	1	91	91	95
YGL076C	RPL7A	244	2	97	95	100
YGL076C	RPL7A	244	2	137	136	142
YGL078C	DBP3	523	1	194	191	195
YGL092W	NUP145	1317	2	365	361	365
YGL092W	NUP145	1317	2	390	386	390
YGL099W	LSG1	640	2	331	327	333
YGL099W	LSG1	640	2	501	500	505
YGL105W	ARC1	376	3	137	136	142
YGL105W	ARC1	376	3	226	224	229
YGL105W	ARC1	376	3	373	372	376
YGL106W	MLC1	149	1	41	38	43
YGL120C	PRP43	767	4	150	147	152
YGL120C	PRP43	767	4	488	484	488
YGL120C	PRP43	767	4	619	613	619
YGL120C	PRP43	767	4	724	722	726
YGL123W	RPS2	254	3	169	163	171
YGL123W	RPS2	254	3	215	212	218
YGL123W	RPS2	254	3	236	232	239
YGL130W	CEG1	459	1	237	237	241
YGL133W	ITC1	1264	1	143	142	146
YGL137W	SEC27	889	5	102	101	107
YGL137W	SEC27	889	5	159	159	164
YGL137W	SEC27	889	5	196	194	199
YGL137W	SEC27	889	5	447	443	447
YGL137W	SEC27	889	5	772	768	774
YGL147C	RPL9A	191	1	71	64	71
YGL148W	ARO2	376	3	78	76	81
YGL148W	ARO2	376	3	106	101	107
YGL148W	ARO2	376	3	344	341	347
YGL157W	ARI1	347	1	85	83	91
YGL167C	PMR1	950	1	561	558	562
YGL173C	XRN1	1528	4	889	887	895
YGL173C	XRN1	1528	4	1085	1081	1085
YGL173C	XRN1	1528	4	1374	1373	1377
YGL173C	XRN1	1528	4	1447	1444	1450
YGL178W	MPT5	859	1	103	96	105
YGL187C	COX4	155	1	136	130	136
YGL189C	RPS26A	119	2	99	97	102
YGL189C	RPS26A	119	2	111	110	115
YGL191W	COX13	129	1	94	93	97
YGL195W	GCN1	2672	3	846	839	847
YGL195W	GCN1	2672	3	2245	2239	2247
YGL195W	GCN1	2672	3	2331	2328	2333
YGL202W	ARO8	500	4	181	179	187
YGL202W	ARO8	500	4	286	282	288
YGL202W	ARO8	500	4	308	305	309
YGL202W	ARO8	500	4	368	363	368
YGL206C	CHC1	1653	2	411	410	415
YGL206C	CHC1	1653	2	585	579	586
YGL207W	SPT16	1035	3	338	332	339
YGL207W	SPT16	1035	3	463	460	467
YGL207W	SPT16	1035	3	705	705	709
YGL210W	YPT32	222	1	123	121	125
YGL213C	SKI8	397	1	277	272	281
YGL222C	EDC1	175	1	86	83	90
YGL231C	EMC4	190	1	110	107	114
YGL234W	ADE5	802	5	103	99	104
YGL234W	ADE5	802	5	217	215	221
YGL234W	ADE5	802	5	534	532	536
YGL234W	ADE5	802	5	719	711	720
YGL234W	ADE5	802	5	732	727	732
YGL238W	CSE1	960	1	720	717	722
YGL245W	GUS1	708	4	163	159	163
YGL245W	GUS1	708	4	370	368	375
YGL245W	GUS1	708	4	399	394	402
YGL245W	GUS1	708	4	512	512	518
YGL253W	HXK2	486	4	233	231	236
YGL253W	HXK2	486	4	262	260	265
YGL253W	HXK2	486	4	449	444	462
YGL253W	HXK2	486	4	466	464	472
YGR002C	SWC4	476	1	357	353	358
YGR012W		393	1	296	292	296
YGR014W	MSB2	1306	2	118	114	122
YGR014W	MSB2	1306	2	133	126	134
YGR017W		297	1	224	221	226
YGR019W	UGA1	471	2	101	96	106
YGR019W	UGA1	471	2	259	258	262
YGR020C	VMA7	118	1	101	99	105
YGR033C	TIM21	239	1	70	70	74
YGR034W	RPL26B	127	1	104	101	105
YGR036C	CAX4	239	1	213	213	217
YGR049W	SCM4	187	1	91	86	92
YGR054W		642	6	173	167	175
YGR054W		642	6	189	188	196
YGR054W		642	6	293	290	296
YGR054W		642	6	345	339	347
YGR054W		642	6	453	453	460
YGR054W		642	6	578	577	581
YGR058W	PEF1	335	1	133	129	133
YGR061C	ADE6	1358	2	715	714	718
YGR061C	ADE6	1358	2	750	748	756
YGR063C	SPT4	102	1	99	95	101
YGR068C	ART5	586	1	240	238	244
YGR078C	PAC10	199	1	137	134	138
YGR079W		370	1	285	281	293
YGR080W	TWF1	332	1	221	221	230
YGR082W	TOM20	183	1	82	80	86
YGR083C	GCD2	651	3	183	181	185
YGR083C	GCD2	651	3	196	194	199
YGR083C	GCD2	651	3	360	355	364
YGR084C	MRP13	339	1	94	93	97
YGR085C	RPL11B	174	1	170	164	170
YGR086C	PIL1	339	1	239	236	241
YGR090W	UTP22	1237	1	633	631	636
YGR094W	VAS1	1104	5	197	193	197
YGR094W	VAS1	1104	5	292	289	293
YGR094W	VAS1	1104	5	350	349	354
YGR094W	VAS1	1104	5	439	437	443
YGR094W	VAS1	1104	5	614	611	616
YGR106C	VOA1	265	1	124	123	127
YGR116W	SPT6	1451	2	534	532	536
YGR116W	SPT6	1451	2	820	816	820
YGR119C	NUP57	541	1	347	344	349
YGR124W	ASN2	572	3	179	174	182
YGR124W	ASN2	572	3	205	203	207
YGR124W	ASN2	572	3	485	484	488
YGR128C	UTP8	713	1	704	702	706
YGR130C		816	1	194	193	198
YGR135W	PRE9	258	1	217	213	219
YGR136W	LSB1	241	1	138	132	139
YGR148C	RPL24B	155	3	87	84	88
YGR148C	RPL24B	155	3	131	130	135
YGR148C	RPL24B	155	3	154	150	156
YGR155W	CYS4	507	2	128	127	133
YGR155W	CYS4	507	2	287	281	297
YGR159C	NSR1	414	1	352	350	358
YGR162W	TIF4631	952	3	188	183	192
YGR162W	TIF4631	952	3	262	259	267
YGR162W	TIF4631	952	3	368	366	370
YGR167W	CLC1	233	1	106	104	108
YGR175C	ERG1	496	4	107	103	110
YGR175C	ERG1	496	4	211	207	211
YGR175C	ERG1	496	4	334	333	337
YGR175C	ERG1	496	4	350	348	355
YGR178C	PBP1	722	3	355	352	356
YGR178C	PBP1	722	3	511	507	512
YGR178C	PBP1	722	3	613	610	614
YGR180C	RNR4	345	2	308	306	313
YGR180C	RNR4	345	2	333	332	337
YGR184C	UBR1	1950	1	300	297	302
YGR185C	TYS1	394	2	320	316	321
YGR185C	TYS1	394	2	332	331	335
YGR186W	TFG1	735	1	232	227	236
YGR189C	CRH1	507	1	334	328	334
YGR191W	HIP1	603	2	304	303	307
YGR191W	HIP1	603	2	360	358	362
YGR192C	TDH3	332	4	93	85	94
YGR192C	TDH3	332	4	209	204	211
YGR192C	TDH3	332	4	237	235	239
YGR192C	TDH3	332	4	294	291	300
YGR193C	PDX1	410	1	272	271	278
YGR200C	ELP2	788	3	119	115	119
YGR200C	ELP2	788	3	300	299	303
YGR200C	ELP2	788	3	495	493	498
YGR204W	ADE3	946	9	164	160	164
YGR204W	ADE3	946	9	240	239	243
YGR204W	ADE3	946	9	308	307	311
YGR204W	ADE3	946	9	414	412	421
YGR204W	ADE3	946	9	463	461	466
YGR204W	ADE3	946	9	558	550	559
YGR204W	ADE3	946	9	642	638	646
YGR204W	ADE3	946	9	704	700	704
YGR204W	ADE3	946	9	764	761	769
YGR207C	CIR1	261	1	73	70	75
YGR211W	ZPR1	486	1	461	454	461
YGR214W	RPS0A	252	3	128	125	130
YGR214W	RPS0A	252	3	144	138	146
YGR214W	RPS0A	252	3	159	154	162
YGR218W	CRM1	1084	2	293	291	298
YGR218W	CRM1	1084	2	878	878	882
YGR229C	SMI1	505	1	378	375	380
YGR231C	PHB2	310	1	146	143	154
YGR234W	YHB1	399	3	134	131	138
YGR234W	YHB1	399	3	216	214	218
YGR234W	YHB1	399	3	358	354	358
YGR235C	MIC26	233	1	117	116	120
YGR240C	PFK1	987	7	181	178	182
YGR240C	PFK1	987	7	344	339	345
YGR240C	PFK1	987	7	387	383	393
YGR240C	PFK1	987	7	607	602	617
YGR240C	PFK1	987	7	859	856	860
YGR240C	PFK1	987	7	927	924	928
YGR240C	PFK1	987	7	936	932	938
YGR244C	LSC2	427	3	361	360	364
YGR244C	LSC2	427	3	369	367	371
YGR244C	LSC2	427	3	380	378	382
YGR253C	PUP2	260	1	142	139	143
YGR254W	ENO1	437	3	126	121	127
YGR254W	ENO1	437	3	237	237	243
YGR254W	ENO1	437	3	324	324	328
YGR264C	MES1	751	3	291	288	294
YGR264C	MES1	751	3	458	457	463
YGR264C	MES1	751	3	666	664	668
YGR266W		701	1	548	546	552
YGR270W	YTA7	1379	1	528	522	529
YGR276C	RNH70	553	1	150	146	150
YGR277C	CAB4	305	1	297	292	297
YGR279C	SCW4	386	3	86	65	88
YGR279C	SCW4	386	3	95	92	105
YGR279C	SCW4	386	3	115	111	118
YGR282C	BGL2	313	3	63	62	69
YGR282C	BGL2	313	3	75	74	78
YGR282C	BGL2	313	3	196	192	197
YGR284C	ERV29	310	1	127	121	130
YGR285C	ZUO1	433	5	155	150	155
YGR285C	ZUO1	433	5	168	161	168
YGR285C	ZUO1	433	5	173	171	176
YGR285C	ZUO1	433	5	188	187	192
YGR285C	ZUO1	433	5	282	281	287
YHL001W	RPL14B	138	1	88	85	93
YHL004W	MRP4	394	1	178	175	182
YHL013C	OTU2	307	1	261	260	264
YHL015W	RPS20	121	1	113	111	116
YHL027W	RIM101	625	1	120	115	122
YHL030W	ECM29	1868	1	528	522	530
YHL031C	GOS1	223	1	79	76	80
YHL033C	RPL8A	256	2	115	112	119
YHL033C	RPL8A	256	2	197	193	200
YHL034C	SBP1	294	2	150	147	151
YHL034C	SBP1	294	2	164	161	167
YHR003C	TCD1	429	1	168	166	170
YHR005C	GPA1	472	1	446	444	448
YHR007C	ERG11	530	2	322	320	325
YHR007C	ERG11	530	2	515	513	517
YHR008C	SOD2	233	2	81	80	88
YHR008C	SOD2	233	2	129	126	130
YHR009C	TDA3	523	1	518	517	522
YHR010W	RPL27A	136	1	65	63	70
YHR013C	ARD1	238	2	106	102	108
YHR013C	ARD1	238	2	205	204	209
YHR016C	YSC84	468	1	208	202	210
YHR018C	ARG4	463	1	445	444	448
YHR019C	DED81	554	5	201	198	202
YHR019C	DED81	554	5	217	215	220
YHR019C	DED81	554	5	303	302	308
YHR019C	DED81	554	5	380	377	381
YHR019C	DED81	554	5	465	461	467
YHR020W		688	3	83	83	91
YHR020W		688	3	349	347	352
YHR020W		688	3	574	569	576
YHR025W	THR1	357	5	97	93	97
YHR025W	THR1	357	5	102	99	104
YHR025W	THR1	357	5	198	196	200
YHR025W	THR1	357	5	262	258	269
YHR025W	THR1	357	5	288	285	289
YHR027C	RPN1	993	2	91	84	91
YHR027C	RPN1	993	2	256	251	263
YHR031C	RRM3	723	1	634	630	636
YHR037W	PUT2	575	1	85	85	89
YHR039C	MSC7	644	1	81	80	87
YHR041C	SRB2	210	1	93	89	94
YHR042W	NCP1	691	6	330	327	331
YHR042W	NCP1	691	6	343	336	349
YHR042W	NCP1	691	6	381	375	383
YHR042W	NCP1	691	6	439	435	440
YHR042W	NCP1	691	6	505	499	509
YHR042W	NCP1	691	6	534	530	538
YHR051W	COX6	148	1	86	82	89
YHR052W	CIC1	376	1	292	286	292
YHR057C	CPR2	205	1	127	127	131
YHR062C	RPP1	293	2	140	134	141
YHR062C	RPP1	293	2	233	231	236
YHR063C	PAN5	379	1	76	75	80
YHR064C	SSZ1	538	3	159	155	159
YHR064C	SSZ1	538	3	186	183	187
YHR064C	SSZ1	538	3	312	306	319
YHR068W	DYS1	387	1	291	288	294
YHR070W	TRM5	499	2	116	114	118
YHR070W	TRM5	499	2	439	438	443
YHR072W	ERG7	731	1	214	214	218
YHR074W	QNS1	714	1	187	182	188
YHR082C	KSP1	1029	1	971	970	974
YHR083W	SAM35	329	1	128	124	129
YHR094C	HXT1	570	2	103	102	106
YHR094C	HXT1	570	2	395	393	397
YHR098C	SFB3	929	3	810	806	812
YHR098C	SFB3	929	3	821	819	823
YHR098C	SFB3	929	3	913	913	920
YHR102W	KIC1	1080	1	762	759	763
YHR103W	SBE22	852	1	499	499	503
YHR104W	GRE3	327	1	221	219	224
YHR107C	CDC12	407	1	303	298	303
YHR108W	GGA2	585	2	119	117	121
YHR108W	GGA2	585	2	572	567	576
YHR111W	UBA4	440	1	218	215	219
YHR113W	APE4	490	1	104	100	104
YHR115C	DMA1	416	1	93	87	98
YHR123W	EPT1	391	1	80	76	82
YHR128W	FUR1	216	1	140	138	145
YHR136C	SPL2	148	1	122	119	124
YHR137W	ARO9	513	2	169	167	172
YHR137W	ARO9	513	2	252	250	254
YHR143W	DSE2	325	2	145	138	148
YHR143W	DSE2	325	2	170	166	170
YHR146W	CRP1	465	1	100	100	107
YHR154W	RTT107	1070	1	174	170	174
YHR158C	KEL1	1164	1	477	477	481
YHR162W	MPC2	129	2	57	56	60
YHR162W	MPC2	129	2	118	114	122
YHR165C	PRP8	2413	1	424	421	425
YHR169W	DBP8	431	1	82	78	82
YHR170W	NMD3	518	2	146	143	148
YHR170W	NMD3	518	2	516	512	518
YHR174W	ENO2	437	3	74	73	79
YHR174W	ENO2	437	3	126	122	128
YHR174W	ENO2	437	3	332	326	334
YHR179W	OYE2	400	3	139	136	141
YHR179W	OYE2	400	3	222	220	230
YHR179W	OYE2	400	3	289	288	296
YHR183W	GND1	489	2	128	124	128
YHR183W	GND1	489	2	354	354	358
YHR188C	GPI16	610	2	308	306	310
YHR188C	GPI16	610	2	375	371	375
YHR193C	EGD2	174	1	99	95	105
YHR200W	RPN10	268	1	175	172	182
YHR205W	SCH9	824	2	349	349	355
YHR205W	SCH9	824	2	723	720	728
YHR206W	SKN7	622	1	546	546	550
YHR208W	BAT1	393	3	107	104	110
YHR208W	BAT1	393	3	119	118	127
YHR208W	BAT1	393	3	230	227	231
YHR216W	IMD2	523	1	190	186	191
YIL016W	SNL1	159	1	67	65	69
YIL018W	RPL2B	254	3	86	80	87
YIL018W	RPL2B	254	3	126	126	130
YIL018W	RPL2B	254	3	228	227	232
YIL021W	RPB3	318	1	295	294	299
YIL022W	TIM44	431	2	326	326	331
YIL022W	TIM44	431	2	408	405	409
YIL033C	BCY1	416	1	136	131	138
YIL036W	CST6	587	1	218	218	222
YIL038C	NOT3	836	1	439	435	442
YIL041W	GVP36	326	1	129	124	136
YIL043C	CBR1	284	1	171	170	177
YIL044C	AGE2	298	1	139	139	143
YIL051C	MMF1	145	1	115	114	121
YIL052C	RPL34B	121	1	67	64	71
YIL053W	GPP1	250	2	148	146	153
YIL053W	GPP1	250	2	192	186	194
YIL062C	ARC15	154	1	82	81	85
YIL069C	RPS24B	135	1	69	64	73
YIL074C	SER33	469	1	101	100	107
YIL075C	RPN2	945	1	931	928	935
YIL076W	SEC28	296	1	124	124	128
YIL078W	THS1	734	2	202	200	204
YIL078W	THS1	734	2	520	518	523
YIL083C	CAB2	365	1	261	258	262
YIL088C	AVT7	490	1	82	79	85
YIL094C	LYS12	371	1	318	316	320
YIL096C	BMT5	336	1	241	236	241
YIL108W		696	3	90	89	94
YIL108W		696	3	226	222	226
YIL108W		696	3	581	581	585
YIL109C	SEC24	926	4	217	217	222
YIL109C	SEC24	926	4	306	301	308
YIL109C	SEC24	926	4	428	423	430
YIL109C	SEC24	926	4	735	731	739
YIL114C	POR2	281	1	281	276	281
YIL115C	NUP159	1460	1	546	544	549
YIL116W	HIS5	385	1	268	260	268
YIL123W	SIM1	476	3	56	52	70
YIL123W	SIM1	476	3	86	77	97
YIL123W	SIM1	476	3	126	122	129
YIL124W	AYR1	297	1	163	162	167
YIL125W	KGD1	1014	1	586	581	586
YIL126W	STH1	1359	1	525	519	525
YIL130W	ASG1	964	1	430	430	434
YIL131C	FKH1	484	1	445	443	448
YIL133C	RPL16A	199	2	75	71	80
YIL133C	RPL16A	199	2	184	182	188
YIL135C	VHS2	436	1	251	249	259
YIL137C	TMA108	946	1	308	305	310
YIL143C	SSL2	843	1	443	437	444
YIL145C	PAN6	309	1	64	63	67
YIL148W	RPL40A	128	1	106	103	107
YIL154C	IMP2'	346	1	312	306	314
YIL157C	COA1	197	1	103	96	104
YIR006C	PAN1	1480	5	677	675	683
YIR006C	PAN1	1480	5	988	988	1000
YIR006C	PAN1	1480	5	1308	1306	1329
YIR006C	PAN1	1480	5	1364	1359	1366
YIR006C	PAN1	1480	5	1405	1401	1407
YIR034C	LYS1	373	1	236	233	237
YIR036C	IRC24	263	1	226	223	227
YIR037W	HYR1	163	1	67	62	69
YJL001W	PRE3	215	1	96	90	102
YJL008C	CCT8	568	2	70	66	71
YJL008C	CCT8	568	2	456	456	464
YJL010C	NOP9	666	1	154	151	157
YJL012C	VTC4	721	2	547	545	549
YJL012C	VTC4	721	2	672	666	673
YJL014W	CCT3	534	1	471	468	474
YJL020C	BBC1	1157	4	135	131	136
YJL020C	BBC1	1157	4	208	206	210
YJL020C	BBC1	1157	4	716	713	719
YJL020C	BBC1	1157	4	824	824	830
YJL026W	RNR2	399	3	206	204	208
YJL026W	RNR2	399	3	248	245	249
YJL026W	RNR2	399	3	358	358	362
YJL034W	KAR2	682	3	111	107	112
YJL034W	KAR2	682	3	203	201	207
YJL034W	KAR2	682	3	322	321	328
YJL042W	MHP1	1398	2	403	403	409
YJL042W	MHP1	1398	2	637	633	637
YJL052W	TDH1	332	1	293	291	296
YJL053W	PEP8	379	1	190	190	195
YJL061W	NUP82	713	1	291	288	295
YJL062W-A	COA3	85	1	66	62	69
YJL068C		299	2	117	116	120
YJL068C		299	2	190	188	193
YJL069C	UTP18	594	1	501	501	514
YJL076W	NET1	1189	2	253	247	256
YJL076W	NET1	1189	2	678	673	678
YJL078C	PRY3	881	3	145	142	148
YJL078C	PRY3	881	3	167	166	174
YJL078C	PRY3	881	3	220	219	227
YJL079C	PRY1	299	3	74	70	83
YJL079C	PRY1	299	3	127	125	137
YJL079C	PRY1	299	3	140	139	144
YJL080C	SCP160	1222	6	357	354	359
YJL080C	SCP160	1222	6	369	368	374
YJL080C	SCP160	1222	6	383	381	385
YJL080C	SCP160	1222	6	479	475	481
YJL080C	SCP160	1222	6	658	652	659
YJL080C	SCP160	1222	6	960	958	962
YJL098W	SAP185	1058	1	244	242	247
YJL109C	UTP10	1769	1	1732	1728	1732
YJL111W	CCT7	550	2	77	77	81
YJL111W	CCT7	550	2	90	89	97
YJL121C	RPE1	238	1	179	176	181
YJL122W	ALB1	175	1	165	164	172
YJL128C	PBS2	668	2	195	195	199
YJL128C	PBS2	668	2	236	235	239
YJL130C	URA2	2214	8	291	290	294
YJL130C	URA2	2214	8	314	311	315
YJL130C	URA2	2214	8	386	385	392
YJL130C	URA2	2214	8	958	955	962
YJL130C	URA2	2214	8	1525	1523	1527
YJL130C	URA2	2214	8	1720	1718	1723
YJL130C	URA2	2214	8	1899	1894	1899
YJL130C	URA2	2214	8	1963	1960	1964
YJL143W	TIM17	158	2	118	117	121
YJL143W	TIM17	158	2	155	144	155
YJL145W	SFH5	294	1	113	113	119
YJL157C	FAR1	830	6	572	568	572
YJL157C	FAR1	830	6	590	589	593
YJL157C	FAR1	830	6	607	603	608
YJL157C	FAR1	830	6	746	746	752
YJL157C	FAR1	830	6	803	802	806
YJL157C	FAR1	830	6	827	823	830
YJL158C	CIS3	227	3	82	81	85
YJL158C	CIS3	227	3	103	89	105
YJL158C	CIS3	227	3	171	168	172
YJL159W	HSP150	413	6	88	83	91
YJL159W	HSP150	413	6	98	94	101
YJL159W	HSP150	413	6	139	130	144
YJL159W	HSP150	413	6	227	222	229
YJL159W	HSP150	413	6	243	241	245
YJL159W	HSP150	413	6	304	303	312
YJL165C	HAL5	855	1	597	594	598
YJL167W	ERG20	352	2	159	158	162
YJL167W	ERG20	352	2	247	244	251
YJL171C		396	1	138	135	139
YJL176C	SWI3	825	1	411	407	411
YJL177W	RPL17B	184	2	99	98	103
YJL177W	RPL17B	184	2	161	161	165
YJL183W	MNN11	422	1	65	63	67
YJL190C	RPS22A	130	1	78	74	80
YJL191W	RPS14B	138	1	125	119	128
YJL196C	ELO1	310	1	66	59	67
YJL198W	PHO90	881	1	100	96	103
YJL200C	ACO2	789	1	415	409	417
YJR001W	AVT1	602	1	168	164	168
YJR002W	MPP10	593	1	91	86	93
YJR007W	SUI2	304	2	228	226	231
YJR007W	SUI2	304	2	272	269	273
YJR009C	TDH2	332	2	179	178	182
YJR009C	TDH2	332	2	294	292	301
YJR015W		510	1	262	262	266
YJR016C	ILV3	585	6	102	100	104
YJR016C	ILV3	585	6	245	243	249
YJR016C	ILV3	585	6	298	295	299
YJR016C	ILV3	585	6	397	394	401
YJR016C	ILV3	585	6	477	476	480
YJR016C	ILV3	585	6	514	513	517
YJR017C	ESS1	170	1	111	108	116
YJR019C	TES1	349	1	266	257	269
YJR032W	CPR7	393	1	202	202	208
YJR045C	SSC1	654	4	94	90	95
YJR045C	SSC1	654	4	304	301	305
YJR045C	SSC1	654	4	332	331	335
YJR045C	SSC1	654	4	451	449	458
YJR059W	PTK2	818	1	734	734	738
YJR064W	CCT5	562	1	452	450	457
YJR065C	ARP3	449	2	328	325	330
YJR065C	ARP3	449	2	411	410	414
YJR068W	RFC2	353	1	183	179	187
YJR070C	LIA1	325	3	178	178	183
YJR070C	LIA1	325	3	190	189	193
YJR070C	LIA1	325	3	254	250	255
YJR072C	NPA3	385	2	131	128	133
YJR072C	NPA3	385	2	157	155	162
YJR076C	CDC11	415	1	110	108	112
YJR077C	MIR1	311	1	112	107	115
YJR083C	ACF4	309	1	188	188	192
YJR091C	JSN1	1091	2	131	128	133
YJR091C	JSN1	1091	2	527	527	534
YJR092W	BUD4	1447	1	741	739	743
YJR094W-A	RPL43B	92	1	80	74	81
YJR104C	SOD1	154	1	63	61	65
YJR105W	ADO1	340	4	170	168	173
YJR105W	ADO1	340	4	198	195	199
YJR105W	ADO1	340	4	229	227	231
YJR105W	ADO1	340	4	332	326	336
YJR109C	CPA2	1118	1	733	731	735
YJR121W	ATP2	511	6	93	92	96
YJR121W	ATP2	511	6	107	98	108
YJR121W	ATP2	511	6	114	111	115
YJR121W	ATP2	511	6	151	150	154
YJR121W	ATP2	511	6	189	189	194
YJR121W	ATP2	511	6	357	355	359
YJR123W	RPS5	225	1	155	155	162
YJR125C	ENT3	408	1	280	276	282
YJR132W	NMD5	1048	1	108	107	114
YJR139C	HOM6	359	1	242	239	246
YJR143C	PMT4	762	1	424	422	431
YJR145C	RPS4A	261	1	82	80	84
YJR148W	BAT2	376	1	214	208	214
YKL003C	MRP17	131	1	94	87	94
YKL006W	RPL14A	138	1	90	85	92
YKL007W	CAP1	268	1	135	133	138
YKL008C	LAC1	418	1	65	64	69
YKL013C	ARC19	171	1	53	46	53
YKL029C	MAE1	669	6	71	69	74
YKL029C	MAE1	669	6	84	77	87
YKL029C	MAE1	669	6	100	97	101
YKL029C	MAE1	669	6	275	273	279
YKL029C	MAE1	669	6	438	433	440
YKL029C	MAE1	669	6	557	556	560
YKL032C	IXR1	597	2	285	283	291
YKL032C	IXR1	597	2	436	433	438
YKL033W-A		236	1	201	200	205
YKL035W	UGP1	499	3	203	198	206
YKL035W	UGP1	499	3	250	246	252
YKL035W	UGP1	499	3	265	263	268
YKL042W	SPC42	363	1	326	323	328
YKL043W	PHD1	366	2	301	299	305
YKL043W	PHD1	366	2	311	307	311
YKL054C	DEF1	738	3	587	583	588
YKL054C	DEF1	738	3	680	676	680
YKL054C	DEF1	738	3	715	713	718
YKL056C	TMA19	167	1	72	68	75
YKL057C	NUP120	1037	1	322	322	327
YKL060C	FBA1	359	2	101	91	106
YKL060C	FBA1	359	2	220	211	222
YKL067W	YNK1	153	1	113	110	114
YKL068W	NUP100	959	1	650	649	653
YKL077W		392	1	149	146	151
YKL080W	VMA5	392	2	180	180	184
YKL080W	VMA5	392	2	336	332	338
YKL081W	TEF4	412	5	138	135	139
YKL081W	TEF4	412	5	161	159	167
YKL081W	TEF4	412	5	193	191	198
YKL081W	TEF4	412	5	215	213	219
YKL081W	TEF4	412	5	362	359	363
YKL085W	MDH1	334	2	95	94	100
YKL085W	MDH1	334	2	106	102	106
YKL096W	CWP1	239	2	163	156	166
YKL096W	CWP1	239	2	190	188	192
YKL096W-A	CWP2	92	1	45	40	45
YKL101W	HSL1	1518	1	700	697	703
YKL103C	APE1	514	1	208	200	214
YKL104C	GFA1	717	2	458	458	462
YKL104C	GFA1	717	2	613	611	616
YKL117W	SBA1	216	1	103	102	107
YKL120W	OAC1	324	1	242	238	244
YKL127W	PGM1	570	1	469	466	473
YKL135C	APL2	726	1	306	304	308
YKL142W	MRP8	219	1	208	206	211
YKL148C	SDH1	640	1	85	84	88
YKL150W	MCR1	302	1	263	263	270
YKL152C	GPM1	247	2	126	118	129
YKL152C	GPM1	247	2	232	231	243
YKL157W	APE2	952	3	224	222	228
YKL157W	APE2	952	3	329	325	330
YKL157W	APE2	952	3	414	411	415
YKL164C	PIR1	341	4	81	77	84
YKL164C	PIR1	341	4	117	114	122
YKL164C	PIR1	341	4	129	126	130
YKL164C	PIR1	341	4	163	160	165
YKL166C	TPK3	398	1	302	300	306
YKL180W	RPL17A	184	2	102	98	103
YKL180W	RPL17A	184	2	162	161	165
YKL181W	PRS1	427	2	151	149	153
YKL181W	PRS1	427	2	285	281	285
YKL182W	FAS1	2051	10	57	53	57
YKL182W	FAS1	2051	10	320	316	324
YKL182W	FAS1	2051	10	401	396	403
YKL182W	FAS1	2051	10	535	529	536
YKL182W	FAS1	2051	10	915	912	918
YKL182W	FAS1	2051	10	1060	1057	1061
YKL182W	FAS1	2051	10	1517	1515	1519
YKL182W	FAS1	2051	10	1660	1660	1664
YKL182W	FAS1	2051	10	1956	1952	1958
YKL182W	FAS1	2051	10	1977	1975	1979
YKL184W	SPE1	466	2	206	205	209
YKL184W	SPE1	466	2	391	386	393
YKL185W	ASH1	588	3	426	425	431
YKL185W	ASH1	588	3	469	463	471
YKL185W	ASH1	588	3	510	507	512
YKL186C	MTR2	184	1	152	150	154
YKL191W	DPH2	534	2	253	253	260
YKL191W	DPH2	534	2	309	308	312
YKL192C	ACP1	125	1	86	82	87
YKL193C	SDS22	338	1	264	262	266
YKL204W	EAP1	632	3	454	452	459
YKL204W	EAP1	632	3	482	479	489
YKL204W	EAP1	632	3	537	534	539
YKL205W	LOS1	1100	1	1043	1040	1044
YKL210W	UBA1	1024	3	261	258	264
YKL210W	UBA1	1024	3	603	594	607
YKL210W	UBA1	1024	3	615	609	617
YKL211C	TRP3	484	1	123	118	123
YKL212W	SAC1	623	1	199	190	203
YKL214C	YRA2	203	1	76	73	78
YKL216W	URA1	314	2	168	166	173
YKL216W	URA1	314	2	232	228	235
YKR001C	VPS1	704	1	604	601	605
YKR013W	PRY2	329	2	69	64	69
YKR013W	PRY2	329	2	174	172	176
YKR018C		725	1	721	717	723
YKR024C	DBP7	742	1	531	530	535
YKR025W	RPC37	282	1	226	225	231
YKR026C	GCN3	305	1	251	248	254
YKR028W	SAP190	1033	1	256	254	259
YKR038C	KAE1	386	1	205	203	212
YKR042W	UTH1	365	1	88	69	103
YKR043C	SHB17	271	1	154	149	156
YKR045C		183	1	172	170	175
YKR048C	NAP1	417	1	321	315	323
YKR062W	TFA2	328	1	185	183	189
YKR065C	PAM17	197	1	120	116	120
YKR066C	CCP1	361	4	72	67	76
YKR066C	CCP1	361	4	124	120	125
YKR066C	CCP1	361	4	166	162	168
YKR066C	CCP1	361	4	347	345	349
YKR072C	SIS2	562	2	242	239	247
YKR072C	SIS2	562	2	274	271	275
YKR080W	MTD1	320	1	259	257	264
YKR084C	HBS1	611	1	516	515	525
YKR093W	PTR2	601	2	99	95	101
YKR093W	PTR2	601	2	177	174	180
YKR094C	RPL40B	128	1	106	102	107
YLL011W	SOF1	489	1	253	252	258
YLL013C	PUF3	879	1	396	390	399
YLL018C	DPS1	557	3	210	208	216
YLL018C	DPS1	557	3	332	329	336
YLL018C	DPS1	557	3	452	445	465
YLL021W	SPA2	1466	2	218	214	218
YLL021W	SPA2	1466	2	225	223	229
YLL022C	HIF1	385	1	92	91	95
YLL024C	SSA2	639	2	65	62	66
YLL024C	SSA2	639	2	618	613	626
YLL026W	HSP104	908	3	441	436	442
YLL026W	HSP104	908	3	507	502	507
YLL026W	HSP104	908	3	668	664	669
YLL040C	VPS13	3144	2	1365	1364	1368
YLL040C	VPS13	3144	2	2557	2555	2559
YLL045C	RPL8B	256	3	113	111	119
YLL045C	RPL8B	256	3	197	195	200
YLL045C	RPL8B	256	3	234	234	238
YLL048C	YBT1	1661	1	975	973	977
YLL050C	COF1	143	1	88	87	96
YLL058W		575	1	260	260	264
YLR002C	NOC3	663	1	240	239	244
YLR017W	MEU1	337	1	213	211	218
YLR023C	IZH3	543	1	147	144	148
YLR027C	AAT2	418	5	84	81	85
YLR027C	AAT2	418	5	186	184	193
YLR027C	AAT2	418	5	249	248	254
YLR027C	AAT2	418	5	281	279	287
YLR027C	AAT2	418	5	300	297	305
YLR028C	ADE16	591	3	214	211	216
YLR028C	ADE16	591	3	250	248	252
YLR028C	ADE16	591	3	540	540	548
YLR029C	RPL15A	204	1	113	111	115
YLR033W	RSC58	502	1	259	255	262
YLR040C		224	1	132	125	134
YLR043C	TRX1	103	1	90	89	95
YLR044C	PDC1	563	6	148	141	150
YLR044C	PDC1	563	6	268	265	272
YLR044C	PDC1	563	6	361	348	364
YLR044C	PDC1	563	6	400	399	405
YLR044C	PDC1	563	6	425	423	428
YLR044C	PDC1	563	6	512	510	516
YLR048W	RPS0B	252	2	129	126	131
YLR048W	RPS0B	252	2	156	148	163
YLR056W	ERG3	365	1	81	81	88
YLR058C	SHM2	469	4	226	221	227
YLR058C	SHM2	469	4	232	230	238
YLR058C	SHM2	469	4	244	241	254
YLR058C	SHM2	469	4	400	397	401
YLR060W	FRS1	595	3	161	159	168
YLR060W	FRS1	595	3	223	221	225
YLR060W	FRS1	595	3	549	547	553
YLR072W	LAM6	693	1	418	415	421
YLR075W	RPL10	221	2	91	89	94
YLR075W	RPL10	221	2	192	192	200
YLR079W	SIC1	284	1	80	77	81
YLR094C	GIS3	502	1	311	308	312
YLR106C	MDN1	4910	2	480	477	483
YLR106C	MDN1	4910	2	559	558	564
YLR109W	AHP1	176	3	59	56	64
YLR109W	AHP1	176	3	122	119	124
YLR109W	AHP1	176	3	165	162	166
YLR110C	CCW12	133	2	77	72	77
YLR110C	CCW12	133	2	103	97	104
YLR113W	HOG1	435	1	305	300	309
YLR116W	MSL5	476	1	395	394	400
YLR120C	YPS1	569	1	97	93	98
YLR129W	DIP2	943	1	378	374	382
YLR133W	CKI1	582	1	203	202	209
YLR150W	STM1	273	2	42	36	44
YLR150W	STM1	273	2	255	251	256
YLR153C	ACS2	683	6	106	105	109
YLR153C	ACS2	683	6	266	263	267
YLR153C	ACS2	683	6	348	346	350
YLR153C	ACS2	683	6	450	446	453
YLR153C	ACS2	683	6	561	558	563
YLR153C	ACS2	683	6	622	620	624
YLR163C	MAS1	462	1	305	305	309
YLR167W	RPS31	152	1	84	83	90
YLR168C	UPS2	230	1	115	112	116
YLR172C	DPH5	300	4	176	175	179
YLR172C	DPH5	300	4	186	181	190
YLR172C	DPH5	300	4	249	248	252
YLR172C	DPH5	300	4	266	263	267
YLR175W	CBF5	483	1	138	138	145
YLR179C		201	2	59	54	60
YLR179C		201	2	84	79	84
YLR180W	SAM1	382	2	108	106	110
YLR180W	SAM1	382	2	286	275	296
YLR183C	TOS4	489	1	321	317	323
YLR185W	RPL37A	88	1	38	34	40
YLR187W	SKG3	1026	1	398	394	398
YLR192C	HCR1	265	4	163	159	163
YLR192C	HCR1	265	4	217	214	219
YLR192C	HCR1	265	4	231	226	231
YLR192C	HCR1	265	4	254	250	257
YLR194C		254	1	141	139	143
YLR197W	NOP56	504	2	214	211	216
YLR197W	NOP56	504	2	320	319	323
YLR201C	COQ9	260	1	86	85	92
YLR203C	MSS51	436	2	80	78	82
YLR203C	MSS51	436	2	144	143	147
YLR206W	ENT2	613	1	213	210	214
YLR208W	SEC13	297	1	119	113	121
YLR209C	PNP1	311	1	59	58	64
YLR214W	FRE1	686	1	150	148	152
YLR216C	CPR6	371	1	108	106	110
YLR223C	IFH1	1085	1	940	940	944
YLR229C	CDC42	191	1	90	86	91
YLR231C	BNA5	453	1	218	215	219
YLR244C	MAP1	387	2	152	150	155
YLR244C	MAP1	387	2	311	303	312
YLR248W	RCK2	610	1	392	376	392
YLR249W	YEF3	1044	7	103	100	105
YLR249W	YEF3	1044	7	188	185	189
YLR249W	YEF3	1044	7	267	264	269
YLR249W	YEF3	1044	7	308	302	308
YLR249W	YEF3	1044	7	386	385	390
YLR249W	YEF3	1044	7	730	728	732
YLR249W	YEF3	1044	7	985	982	988
YLR256W	HAP1	1502	2	201	198	203
YLR256W	HAP1	1502	2	295	295	299
YLR259C	HSP60	572	4	68	65	69
YLR259C	HSP60	572	4	132	127	134
YLR259C	HSP60	572	4	350	344	351
YLR259C	HSP60	572	4	552	549	554
YLR268W	SEC22	214	1	105	101	106
YLR270W	DCS1	350	1	111	109	113
YLR285W	NNT1	261	1	97	92	99
YLR286C	CTS1	562	2	75	72	77
YLR286C	CTS1	562	2	190	186	191
YLR287C-A	RPS30A	63	1	60	57	63
YLR291C	GCD7	381	1	287	286	290
YLR293C	GSP1	219	1	188	182	190
YLR295C	ATP14	124	1	63	62	66
YLR300W	EXG1	448	2	250	248	252
YLR300W	EXG1	448	2	355	354	358
YLR301W	HRI1	244	1	93	88	93
YLR304C	ACO1	778	4	355	352	357
YLR304C	ACO1	778	4	444	443	447
YLR304C	ACO1	778	4	546	544	548
YLR304C	ACO1	778	4	688	685	691
YLR314C	CDC3	520	2	271	266	271
YLR314C	CDC3	520	2	508	506	512
YLR319C	BUD6	788	1	283	276	283
YLR325C	RPL38	78	1	70	68	74
YLR335W	NUP2	720	4	414	411	415
YLR335W	NUP2	720	4	518	517	521
YLR335W	NUP2	720	4	539	538	545
YLR335W	NUP2	720	4	692	688	692
YLR337C	VRP1	817	2	315	315	320
YLR337C	VRP1	817	2	430	428	433
YLR340W	RPP0	312	3	106	103	109
YLR340W	RPP0	312	3	234	232	236
YLR340W	RPP0	312	3	254	253	257
YLR342W	FKS1	1876	6	302	299	303
YLR342W	FKS1	1876	6	336	334	345
YLR342W	FKS1	1876	6	1131	1131	1135
YLR342W	FKS1	1876	6	1323	1319	1325
YLR342W	FKS1	1876	6	1631	1627	1631
YLR342W	FKS1	1876	6	1779	1777	1785
YLR344W	RPL26A	127	1	101	101	105
YLR347C	KAP95	861	2	521	519	523
YLR347C	KAP95	861	2	771	770	774
YLR348C	DIC1	298	1	101	98	102
YLR350W	ORM2	216	1	94	94	99
YLR354C	TAL1	335	2	186	181	189
YLR354C	TAL1	335	2	276	272	280
YLR355C	ILV5	395	4	89	87	91
YLR355C	ILV5	395	4	153	150	155
YLR355C	ILV5	395	4	171	170	176
YLR355C	ILV5	395	4	287	282	289
YLR356W	ATG33	197	1	75	71	77
YLR359W	ADE13	482	2	254	251	255
YLR359W	ADE13	482	2	287	285	290
YLR367W	RPS22B	130	1	95	91	96
YLR373C	VID22	901	1	193	192	197
YLR378C	SEC61	480	3	146	143	148
YLR378C	SEC61	480	3	386	384	393
YLR378C	SEC61	480	3	456	454	458
YLR380W	CSR1	408	3	224	217	226
YLR380W	CSR1	408	3	243	237	244
YLR380W	CSR1	408	3	355	352	356
YLR384C	IKI3	1349	2	433	431	435
YLR384C	IKI3	1349	2	668	663	671
YLR390W-A	CCW14	238	3	62	59	63
YLR390W-A	CCW14	238	3	68	65	73
YLR390W-A	CCW14	238	3	97	95	108
YLR399C	BDF1	686	1	440	436	440
YLR406C	RPL31B	113	1	89	87	93
YLR410W	VIP1	1146	1	303	300	307
YLR413W		675	1	400	393	400
YLR420W	URA4	364	1	273	270	277
YLR429W	CRN1	651	1	376	372	379
YLR432W	IMD3	523	4	73	71	76
YLR432W	IMD3	523	4	106	101	106
YLR432W	IMD3	523	4	246	242	247
YLR432W	IMD3	523	4	508	501	511
YLR437C	DIF1	133	1	92	89	97
YLR438W	CAR2	424	4	217	217	223
YLR438W	CAR2	424	4	315	311	318
YLR438W	CAR2	424	4	364	362	367
YLR438W	CAR2	424	4	390	389	396
YLR439W	MRPL4	319	2	62	56	65
YLR439W	MRPL4	319	2	85	84	89
YLR441C	RPS1A	255	2	138	137	142
YLR441C	RPS1A	255	2	204	198	205
YLR447C	VMA6	345	1	161	159	163
YLR448W	RPL6B	176	1	90	83	91
YLR450W	HMG2	1045	1	979	978	983
YLR452C	SST2	698	1	103	99	103
YML001W	YPT7	208	1	92	92	96
YML004C	GLO1	326	1	279	277	281
YML008C	ERG6	383	2	200	197	201
YML008C	ERG6	383	2	378	370	380
YML010W	SPT5	1063	1	589	585	589
YML012W	ERV25	211	1	91	87	95
YML014W	TRM9	279	1	182	180	186
YML021C	UNG1	359	1	179	178	185
YML024W	RPS17A	136	1	58	52	59
YML025C	YML6	286	1	92	90	94
YML026C	RPS18B	146	1	80	78	85
YML028W	TSA1	196	2	76	71	79
YML028W	TSA1	196	2	177	175	183
YML035C	AMD1	810	2	444	442	446
YML035C	AMD1	810	2	602	598	602
YML048W	GSF2	403	3	101	101	106
YML048W	GSF2	403	3	134	131	137
YML048W	GSF2	403	3	204	203	208
YML055W	SPC2	178	1	86	84	88
YML056C	IMD4	524	1	247	240	248
YML057W	CMP2	604	1	379	379	384
YML058W	SML1	104	1	59	56	61
YML063W	RPS1B	255	3	132	128	132
YML063W	RPS1B	255	3	140	139	145
YML063W	RPS1B	255	3	208	207	211
YML069W	POB3	552	1	315	310	317
YML070W	DAK1	584	1	234	230	235
YML072C	TCB3	1545	1	1539	1536	1540
YML074C	FPR3	411	1	190	186	192
YML078W	CPR3	182	1	123	119	123
YML085C	TUB1	447	1	361	356	366
YML086C	ALO1	526	1	276	272	279
YML092C	PRE8	250	2	156	155	161
YML092C	PRE8	250	2	223	219	224
YML097C	VPS9	451	1	77	74	78
YML100W	TSL1	1098	2	169	165	174
YML100W	TSL1	1098	2	1027	1025	1029
YML105C	SEC65	273	1	236	234	238
YML106W	URA5	226	2	136	133	142
YML106W	URA5	226	2	221	221	226
YML123C	PHO84	587	2	156	152	159
YML123C	PHO84	587	2	288	285	291
YML124C	TUB3	445	1	382	379	386
YML125C	PGA3	312	1	90	88	94
YML126C	ERG13	491	3	103	100	107
YML126C	ERG13	491	3	321	319	327
YML126C	ERG13	491	3	408	406	410
YMR001C	CDC5	705	1	661	657	663
YMR005W	TAF4	388	1	328	323	330
YMR008C	PLB1	664	1	99	98	102
YMR012W	CLU1	1277	6	82	79	87
YMR012W	CLU1	1277	6	210	208	212
YMR012W	CLU1	1277	6	282	279	284
YMR012W	CLU1	1277	6	957	955	959
YMR012W	CLU1	1277	6	1017	1015	1022
YMR012W	CLU1	1277	6	1107	1100	1108
YMR027W		470	1	454	454	458
YMR038C	CCS1	249	1	201	199	204
YMR043W	MCM1	286	1	261	259	267
YMR049C	ERB1	807	2	537	533	537
YMR049C	ERB1	807	2	681	677	683
YMR058W	FET3	636	1	100	95	101
YMR062C	ARG7	441	1	238	235	243
YMR067C	UBX4	416	1	185	184	190
YMR072W	ABF2	183	2	120	115	123
YMR072W	ABF2	183	2	182	178	183
YMR079W	SEC14	304	2	165	165	170
YMR079W	SEC14	304	2	218	218	222
YMR080C	NAM7	971	1	672	669	674
YMR083W	ADH3	375	2	57	54	59
YMR083W	ADH3	375	2	97	97	101
YMR089C	YTA12	825	1	162	154	167
YMR092C	AIP1	615	1	491	487	493
YMR093W	UTP15	513	1	306	300	306
YMR099C		297	2	100	98	103
YMR099C		297	2	276	271	278
YMR108W	ILV2	687	4	85	81	86
YMR108W	ILV2	687	4	307	305	309
YMR108W	ILV2	687	4	532	523	537
YMR108W	ILV2	687	4	636	635	640
YMR109W	MYO5	1219	5	1003	999	1006
YMR109W	MYO5	1219	5	1012	1012	1017
YMR109W	MYO5	1219	5	1041	1040	1045
YMR109W	MYO5	1219	5	1056	1052	1060
YMR109W	MYO5	1219	5	1078	1073	1078
YMR116C	ASC1	319	4	73	73	78
YMR116C	ASC1	319	4	126	123	129
YMR116C	ASC1	319	4	203	201	209
YMR116C	ASC1	319	4	257	255	259
YMR120C	ADE17	592	4	246	244	248
YMR120C	ADE17	592	4	257	250	260
YMR120C	ADE17	592	4	296	294	298
YMR120C	ADE17	592	4	547	543	548
YMR125W	STO1	861	1	99	97	102
YMR128W	ECM16	1267	1	577	574	580
YMR131C	RRB1	511	1	361	357	363
YMR136W	GAT2	560	1	358	349	358
YMR142C	RPL13B	199	2	63	59	64
YMR142C	RPL13B	199	2	144	139	148
YMR143W	RPS16A	143	1	134	131	138
YMR145C	NDE1	560	4	263	260	267
YMR145C	NDE1	560	4	426	424	428
YMR145C	NDE1	560	4	433	430	434
YMR145C	NDE1	560	4	441	437	441
YMR146C	TIF34	347	3	93	92	99
YMR146C	TIF34	347	3	245	243	247
YMR146C	TIF34	347	3	340	336	341
YMR147W		223	1	136	130	136
YMR152W	YIM1	365	2	144	142	147
YMR152W	YIM1	365	2	310	309	316
YMR165C	PAH1	862	1	110	108	115
YMR184W	ADD37	198	1	71	68	74
YMR186W	HSC82	705	3	417	414	419
YMR186W	HSC82	705	3	546	545	549
YMR186W	HSC82	705	3	627	627	631
YMR189W	GCV2	1034	2	821	819	823
YMR189W	GCV2	1034	2	919	918	923
YMR194W	RPL36A	100	1	99	94	100
YMR195W	ICY1	127	1	113	111	115
YMR205C	PFK2	959	6	154	149	158
YMR205C	PFK2	959	6	259	256	260
YMR205C	PFK2	959	6	298	294	298
YMR205C	PFK2	959	6	458	458	464
YMR205C	PFK2	959	6	514	511	517
YMR205C	PFK2	959	6	595	594	601
YMR208W	ERG12	443	1	128	125	131
YMR210W		449	1	141	137	141
YMR215W	GAS3	524	1	100	97	103
YMR217W	GUA1	525	1	157	154	163
YMR226C		267	1	262	259	265
YMR229C	RRP5	1729	3	1159	1159	1164
YMR229C	RRP5	1729	3	1204	1203	1207
YMR229C	RRP5	1729	3	1347	1347	1353
YMR230W	RPS10B	105	1	98	97	102
YMR235C	RNA1	407	1	153	149	153
YMR236W	TAF9	157	1	142	139	144
YMR237W	BCH1	724	2	333	327	334
YMR237W	BCH1	724	2	407	405	409
YMR241W	YHM2	314	1	224	223	229
YMR242C	RPL20A	172	1	157	149	163
YMR246W	FAA4	694	1	445	438	446
YMR262W		313	1	227	223	229
YMR276W	DSK2	373	1	236	236	241
YMR277W	FCP1	732	1	443	441	447
YMR295C		197	1	143	137	148
YMR296C	LCB1	558	3	445	438	448
YMR296C	LCB1	558	3	531	531	536
YMR296C	LCB1	558	3	552	551	556
YMR297W	PRC1	532	1	264	260	265
YMR298W	LIP1	150	1	112	109	114
YMR300C	ADE4	510	2	312	308	312
YMR300C	ADE4	510	2	405	397	408
YMR301C	ATM1	690	1	88	84	89
YMR302C	YME2	850	1	179	177	184
YMR305C	SCW10	389	2	114	108	120
YMR305C	SCW10	389	2	125	122	131
YMR307W	GAS1	559	2	68	65	70
YMR307W	GAS1	559	2	360	359	363
YMR308C	PSE1	1089	1	83	77	83
YMR310C		317	1	92	88	92
YMR315W		349	2	192	189	195
YMR315W		349	2	266	265	269
YMR318C	ADH6	360	3	173	171	175
YMR318C	ADH6	360	3	250	249	258
YMR318C	ADH6	360	3	331	329	333
YNL007C	SIS1	352	1	86	83	87
YNL010W		241	1	93	91	96
YNL016W	PUB1	453	1	155	153	159
YNL031C		136	1	91	88	92
YNL035C		389	1	106	104	108
YNL037C	IDH1	360	1	306	302	307
YNL045W	LAP2	671	2	197	196	200
YNL045W	LAP2	671	2	242	240	244
YNL049C	SFB2	876	2	238	235	239
YNL049C	SFB2	876	2	715	713	718
YNL055C	POR1	283	3	112	111	115
YNL055C	POR1	283	3	179	178	182
YNL055C	POR1	283	3	280	276	281
YNL058C		316	1	77	71	78
YNL061W	NOP2	618	1	436	433	438
YNL062C	GCD10	478	1	457	452	457
YNL064C	YDJ1	409	2	83	79	85
YNL064C	YDJ1	409	2	357	356	364
YNL066W	SUN4	420	2	69	64	70
YNL066W	SUN4	420	2	112	104	116
YNL067W	RPL9B	191	1	70	66	71
YNL069C	RPL16B	198	2	96	91	101
YNL069C	RPL16B	198	2	182	178	186
YNL070W	TOM7	60	1	57	55	59
YNL071W	LAT1	482	4	63	63	67
YNL071W	LAT1	482	4	181	178	182
YNL071W	LAT1	482	4	233	231	235
YNL071W	LAT1	482	4	421	418	423
YNL072W	RNH201	307	1	223	221	225
YNL074C	MLF3	452	1	178	173	186
YNL075W	IMP4	290	1	164	161	165
YNL079C	TPM1	199	1	110	109	113
YNL081C	SWS2	143	1	141	135	141
YNL085W	MKT1	830	3	364	362	366
YNL085W	MKT1	830	3	376	369	377
YNL085W	MKT1	830	3	637	635	643
YNL088W	TOP2	1428	1	185	182	186
YNL096C	RPS7B	190	2	90	83	91
YNL096C	RPS7B	190	2	122	117	124
YNL104C	LEU4	619	3	108	104	108
YNL104C	LEU4	619	3	196	191	199
YNL104C	LEU4	619	3	206	202	211
YNL108C		270	1	100	99	105
YNL112W	DBP2	546	1	488	486	491
YNL116W	DMA2	522	1	359	356	362
YNL118C	DCP2	970	1	394	393	400
YNL121C	TOM70	617	2	71	69	76
YNL121C	TOM70	617	2	298	294	298
YNL123W	NMA111	997	1	686	682	687
YNL131W	TOM22	152	1	116	111	116
YNL132W	KRE33	1056	1	508	507	512
YNL134C		376	1	136	132	137
YNL135C	FPR1	114	1	91	84	95
YNL138W	SRV2	526	4	266	265	269
YNL138W	SRV2	526	4	279	275	287
YNL138W	SRV2	526	4	456	455	459
YNL138W	SRV2	526	4	464	464	468
YNL157W	IGO1	168	1	156	154	159
YNL161W	CBK1	756	1	611	610	614
YNL162W	RPL42A	106	1	84	79	84
YNL163C	RIA1	1110	1	293	293	298
YNL166C	BNI5	448	1	105	101	105
YNL169C	PSD1	500	1	245	242	248
YNL173C	MDG1	366	1	366	361	366
YNL175C	NOP13	403	1	224	223	227
YNL178W	RPS3	240	4	99	93	101
YNL178W	RPS3	240	4	121	115	123
YNL178W	RPS3	240	4	191	189	195
YNL178W	RPS3	240	4	204	202	210
YNL189W	SRP1	542	2	186	183	189
YNL189W	SRP1	542	2	349	346	351
YNL190W		204	3	62	59	67
YNL190W		204	3	122	118	122
YNL190W		204	3	179	173	181
YNL197C	WHI3	661	4	347	346	350
YNL197C	WHI3	661	4	428	426	430
YNL197C	WHI3	661	4	529	522	531
YNL197C	WHI3	661	4	549	547	551
YNL207W	RIO2	425	1	177	177	182
YNL216W	RAP1	827	1	781	779	784
YNL220W	ADE12	433	3	150	147	151
YNL220W	ADE12	433	3	167	160	167
YNL220W	ADE12	433	3	259	258	263
YNL229C	URE2	354	1	346	341	347
YNL231C	PDR16	351	1	205	204	216
YNL239W	LAP3	454	2	125	118	125
YNL239W	LAP3	454	2	378	374	378
YNL241C	ZWF1	505	2	120	116	125
YNL241C	ZWF1	505	2	395	393	398
YNL243W	SLA2	968	1	295	290	297
YNL246W	VPS75	264	1	153	147	154
YNL247W		767	3	187	183	189
YNL247W		767	3	236	233	238
YNL247W		767	3	259	254	261
YNL262W	POL2	2222	1	300	297	301
YNL278W	CAF120	1060	1	960	957	961
YNL281W	HCH1	153	1	90	90	94
YNL287W	SEC21	935	2	298	296	300
YNL287W	SEC21	935	2	729	727	731
YNL289W	PCL1	279	2	74	70	81
YNL289W	PCL1	279	2	96	92	102
YNL292W	PUS4	403	2	153	150	154
YNL292W	PUS4	403	2	206	204	208
YNL300W	TOS6	102	1	96	96	101
YNL301C	RPL18B	186	1	100	93	100
YNL302C	RPS19B	144	1	62	57	64
YNL307C	MCK1	375	1	105	102	106
YNL309W	STB1	420	1	278	275	279
YNL310C	ZIM17	174	1	169	167	175
YNL321W	VNX1	908	1	250	250	258
YNL322C	KRE1	313	3	95	93	99
YNL322C	KRE1	313	3	157	151	160
YNL322C	KRE1	313	3	190	186	193
YNL327W	EGT2	1041	1	79	74	83
YNR001C	CIT1	479	1	413	407	413
YNR013C	PHO91	894	2	185	184	194
YNR013C	PHO91	894	2	502	502	507
YNR015W	SMM1	384	1	119	117	123
YNR016C	ACC1	2233	6	98	93	100
YNR016C	ACC1	2233	6	284	283	288
YNR016C	ACC1	2233	6	300	297	308
YNR016C	ACC1	2233	6	1141	1138	1145
YNR016C	ACC1	2233	6	1214	1208	1216
YNR016C	ACC1	2233	6	1931	1927	1934
YNR018W	RCF2	224	2	126	124	130
YNR018W	RCF2	224	2	192	190	196
YNR021W		404	2	269	267	271
YNR021W		404	2	290	288	292
YNR026C	SEC12	471	2	320	314	321
YNR026C	SEC12	471	2	359	359	363
YNR029C		429	1	172	170	175
YNR035C	ARC35	342	2	103	98	104
YNR035C	ARC35	342	2	222	220	224
YNR043W	MVD1	396	3	97	93	98
YNR043W	MVD1	396	3	123	121	128
YNR043W	MVD1	396	3	157	154	158
YNR044W	AGA1	725	1	121	117	121
YNR046W	TRM112	135	1	82	73	87
YNR047W	FPK1	893	1	284	283	290
YNR049C	MSO1	210	1	101	99	103
YNR051C	BRE5	515	1	345	340	348
YNR067C	DSE4	1117	1	204	204	209
YOL004W	SIN3	1536	5	103	99	113
YOL004W	SIN3	1536	5	119	115	120
YOL004W	SIN3	1536	5	129	125	130
YOL004W	SIN3	1536	5	190	189	193
YOL004W	SIN3	1536	5	1386	1382	1386
YOL006C	TOP1	769	1	487	482	488
YOL007C	CSI2	341	1	111	111	115
YOL012C	HTZ1	134	1	92	89	94
YOL019W		551	3	475	474	480
YOL019W		551	3	498	492	498
YOL019W		551	3	541	538	543
YOL021C	DIS3	1001	1	73	72	80
YOL027C	MDM38	573	2	75	69	77
YOL027C	MDM38	573	2	165	159	168
YOL028C	YAP7	245	1	217	214	218
YOL030W	GAS5	484	2	118	115	120
YOL030W	GAS5	484	2	126	124	133
YOL038W	PRE6	254	1	184	181	185
YOL039W	RPP2A	106	2	66	66	70
YOL039W	RPP2A	106	2	73	73	82
YOL040C	RPS15	142	1	72	71	79
YOL041C	NOP12	459	1	275	272	276
YOL045W	PSK2	1101	1	107	105	112
YOL051W	GAL11	1081	3	91	89	94
YOL051W	GAL11	1081	3	251	248	252
YOL051W	GAL11	1081	3	401	398	402
YOL052C	SPE2	396	1	153	149	154
YOL057W		711	1	379	379	385
YOL058W	ARG1	420	1	200	198	202
YOL059W	GPD2	440	1	302	299	304
YOL060C	MAM3	706	1	326	325	329
YOL061W	PRS5	496	3	140	140	144
YOL061W	PRS5	496	3	302	300	306
YOL061W	PRS5	496	3	319	315	321
YOL071W	SDH5	162	1	127	124	128
YOL077C	BRX1	291	1	146	144	150
YOL086C	ADH1	348	4	126	123	127
YOL086C	ADH1	348	4	141	140	145
YOL086C	ADH1	348	4	149	148	156
YOL086C	ADH1	348	4	277	276	280
YOL088C	MPD2	277	1	118	113	118
YOL092W	YPQ1	308	2	109	104	113
YOL092W	YPQ1	308	2	204	198	204
YOL097C	WRS1	432	1	233	232	239
YOL109W	ZEO1	113	1	84	82	87
YOL111C	MDY2	212	1	168	163	172
YOL120C	RPL18A	186	1	100	93	100
YOL121C	RPS19A	144	1	62	57	63
YOL123W	HRP1	534	2	253	249	253
YOL123W	HRP1	534	2	441	438	442
YOL124C	TRM11	433	1	366	362	367
YOL126C	MDH2	377	1	206	203	209
YOL127W	RPL25	142	1	133	127	133
YOL135C	MED7	222	1	71	67	72
YOL139C	CDC33	213	3	102	99	103
YOL139C	CDC33	213	3	196	193	197
YOL139C	CDC33	213	3	210	208	212
YOL149W	DCP1	231	1	84	79	85
YOL152W	FRE7	620	1	86	80	88
YOR007C	SGT2	346	1	243	241	248
YOR016C	ERP4	207	1	74	72	76
YOR020C	HSP10	106	1	69	69	73
YOR021C	SFM1	213	1	122	121	125
YOR023C	AHC1	566	2	238	233	239
YOR023C	AHC1	566	2	252	250	254
YOR027W	STI1	589	3	122	118	124
YOR027W	STI1	589	3	474	469	476
YOR027W	STI1	589	3	523	520	529
YOR038C	HIR2	875	1	300	297	301
YOR042W	CUE5	411	1	375	373	381
YOR043W	WHI2	486	1	393	391	397
YOR046C	DBP5	482	1	217	215	219
YOR048C	RAT1	1006	2	161	160	165
YOR048C	RAT1	1006	2	170	168	175
YOR056C	NOB1	459	1	307	306	310
YOR063W	RPL3	387	4	81	80	84
YOR063W	RPL3	387	4	106	103	108
YOR063W	RPL3	387	4	160	153	162
YOR063W	RPL3	387	4	167	166	172
YOR065W	CYT1	309	1	158	157	161
YOR066W	MSA1	629	1	120	120	125
YOR070C	GYP1	637	1	345	345	351
YOR074C	CDC21	304	1	201	198	203
YOR081C	TGL5	749	1	111	109	113
YOR085W	OST3	350	1	88	88	92
YOR086C	TCB1	1186	1	314	307	314
YOR089C	VPS21	210	1	99	96	103
YOR091W	TMA46	345	1	160	155	162
YOR096W	RPS7A	190	1	117	115	124
YOR098C	NUP1	1076	1	781	774	781
YOR099W	KTR1	393	1	193	191	195
YOR108W	LEU9	604	1	195	191	199
YOR109W	INP53	1107	1	127	123	127
YOR112W	CEX1	761	1	87	83	90
YOR117W	RPT5	434	1	353	350	354
YOR122C	PFY1	126	1	112	108	114
YOR123C	LEO1	464	1	360	358	362
YOR124C	UBP2	1272	1	159	157	161
YOR128C	ADE2	571	1	229	222	230
YOR136W	IDH2	369	3	86	84	90
YOR136W	IDH2	369	3	131	128	134
YOR136W	IDH2	369	3	296	296	302
YOR142W	LSC1	329	1	100	98	106
YOR151C	RPB2	1224	3	232	228	235
YOR151C	RPB2	1224	3	307	306	311
YOR151C	RPB2	1224	3	1017	1016	1024
YOR153W	PDR5	1511	7	62	59	63
YOR153W	PDR5	1511	7	253	249	255
YOR153W	PDR5	1511	7	391	389	393
YOR153W	PDR5	1511	7	427	425	430
YOR153W	PDR5	1511	7	727	722	728
YOR153W	PDR5	1511	7	777	772	777
YOR153W	PDR5	1511	7	941	938	942
YOR157C	PUP1	261	1	143	138	146
YOR165W	SEY1	776	2	109	106	110
YOR165W	SEY1	776	2	122	121	127
YOR168W	GLN4	809	1	425	425	430
YOR176W	HEM15	393	2	128	124	128
YOR176W	HEM15	393	2	309	307	312
YOR181W	LAS17	633	3	191	186	192
YOR181W	LAS17	633	3	394	391	395
YOR181W	LAS17	633	3	428	427	433
YOR182C	RPS30B	63	1	60	58	62
YOR184W	SER1	395	1	241	240	244
YOR185C	GSP2	220	1	184	182	187
YOR187W	TUF1	437	2	121	117	124
YOR187W	TUF1	437	2	147	145	151
YOR188W	MSB1	1137	1	1090	1088	1092
YOR196C	LIP5	414	1	390	388	392
YOR197W	MCA1	432	1	252	249	254
YOR198C	BFR1	470	2	301	300	305
YOR198C	BFR1	470	2	311	308	315
YOR204W	DED1	604	3	99	96	100
YOR204W	DED1	604	3	225	224	231
YOR204W	DED1	604	3	567	559	570
YOR206W	NOC2	710	1	275	270	275
YOR207C	RET1	1149	1	854	851	855
YOR209C	NPT1	429	1	136	133	138
YOR212W	STE4	423	1	319	318	324
YOR217W	RFC1	861	1	552	549	553
YOR224C	RPB8	146	2	69	65	74
YOR224C	RPB8	146	2	83	82	88
YOR230W	WTM1	437	1	375	370	377
YOR233W	KIN4	800	1	463	459	463
YOR234C	RPL33B	107	1	99	91	101
YOR239W	ABP140	628	1	485	483	487
YOR247W	SRL1	210	2	88	75	88
YOR247W	SRL1	210	2	104	101	114
YOR251C	TUM1	304	1	102	101	105
YOR259C	RPT4	437	1	223	222	226
YOR260W	GCD1	578	1	433	432	436
YOR264W	DSE3	430	1	167	160	167
YOR267C	HRK1	759	1	615	615	620
YOR270C	VPH1	840	3	105	102	106
YOR270C	VPH1	840	3	177	177	182
YOR270C	VPH1	840	3	378	374	381
YOR271C	FSF1	327	2	90	88	93
YOR271C	FSF1	327	2	144	139	151
YOR272W	YTM1	460	2	53	53	57
YOR272W	YTM1	460	2	283	280	284
YOR276W	CAF20	161	1	112	108	112
YOR285W	RDL1	139	1	91	86	92
YOR293W	RPS10A	105	1	100	94	102
YOR294W	RRS1	203	2	95	95	99
YOR294W	RRS1	203	2	186	182	186
YOR303W	CPA1	411	1	155	150	155
YOR310C	NOP58	511	1	149	144	149
YOR311C	DGK1	290	1	80	77	82
YOR312C	RPL20B	172	1	68	67	72
YOR317W	FAA1	700	1	385	380	389
YOR323C	PRO2	456	3	181	175	181
YOR323C	PRO2	456	3	203	201	207
YOR323C	PRO2	456	3	398	397	402
YOR326W	MYO2	1574	1	65	62	66
YOR329C	SCD5	872	1	667	667	672
YOR332W	VMA4	233	2	96	95	99
YOR332W	VMA4	233	2	187	186	190
YOR335C	ALA1	958	2	341	335	343
YOR335C	ALA1	958	2	353	349	359
YOR340C	RPA43	326	1	112	109	113
YOR341W	RPA190	1664	5	310	306	311
YOR341W	RPA190	1664	5	367	366	370
YOR341W	RPA190	1664	5	744	740	746
YOR341W	RPA190	1664	5	1218	1216	1220
YOR341W	RPA190	1664	5	1233	1228	1236
YOR344C	TYE7	291	1	69	64	71
YOR361C	PRT1	763	1	420	416	421
YOR362C	PRE10	288	2	86	85	89
YOR362C	PRE10	288	2	108	105	110
YOR367W	SCP1	200	1	106	105	109
YOR369C	RPS12	143	1	121	116	122
YOR371C	GPB1	897	1	694	693	698
YOR373W	NUD1	851	1	847	838	848
YOR374W	ALD4	519	2	272	269	274
YOR374W	ALD4	519	2	454	449	454
YOR375C	GDH1	454	4	156	155	160
YOR375C	GDH1	454	4	317	311	317
YOR375C	GDH1	454	4	341	336	341
YOR375C	GDH1	454	4	355	352	360
YOR383C	FIT3	204	1	81	71	85
YPL004C	LSP1	341	1	219	218	227
YPL009C	RQC2	1038	1	947	942	947
YPL013C	MRPS16	121	1	51	49	53
YPL016W	SWI1	1314	1	835	832	836
YPL019C	VTC3	835	1	464	459	464
YPL028W	ERG10	398	2	150	146	150
YPL028W	ERG10	398	2	253	249	253
YPL030W	TRM44	567	1	216	210	218
YPL032C	SVL3	825	2	691	686	691
YPL032C	SVL3	825	2	776	771	784
YPL037C	EGD1	157	2	62	59	63
YPL037C	EGD1	157	2	71	67	72
YPL043W	NOP4	685	3	238	235	239
YPL043W	NOP4	685	3	354	354	358
YPL043W	NOP4	685	3	657	657	662
YPL048W	CAM1	415	3	163	160	167
YPL048W	CAM1	415	3	228	227	234
YPL048W	CAM1	415	3	329	328	334
YPL049C	DIG1	452	1	381	375	385
YPL055C	LGE1	332	1	207	206	211
YPL061W	ALD6	500	3	73	70	74
YPL061W	ALD6	500	3	139	135	141
YPL061W	ALD6	500	3	198	195	204
YPL063W	TIM50	476	1	181	173	188
YPL078C	ATP4	244	1	75	70	79
YPL079W	RPL21B	160	3	124	121	126
YPL079W	RPL21B	160	3	138	135	140
YPL079W	RPL21B	160	3	149	149	153
YPL081W	RPS9A	197	1	148	144	149
YPL084W	BRO1	844	1	721	717	724
YPL085W	SEC16	2195	6	924	922	926
YPL085W	SEC16	2195	6	1014	1011	1015
YPL085W	SEC16	2195	6	1653	1650	1655
YPL085W	SEC16	2195	6	1726	1720	1727
YPL085W	SEC16	2195	6	2104	2097	2108
YPL085W	SEC16	2195	6	2143	2141	2145
YPL086C	ELP3	557	1	368	365	370
YPL090C	RPS6A	236	1	116	114	119
YPL093W	NOG1	647	2	276	272	277
YPL093W	NOG1	647	2	410	407	412
YPL094C	SEC62	274	1	165	165	170
YPL098C	MGR2	113	1	88	88	92
YPL101W	ELP4	456	2	249	245	249
YPL101W	ELP4	456	2	292	288	296
YPL105C	SYH1	849	1	779	774	780
YPL106C	SSE1	693	8	100	100	105
YPL106C	SSE1	693	8	151	147	152
YPL106C	SSE1	693	8	176	174	178
YPL106C	SSE1	693	8	361	359	365
YPL106C	SSE1	693	8	370	368	377
YPL106C	SSE1	693	8	384	381	385
YPL106C	SSE1	693	8	424	423	427
YPL106C	SSE1	693	8	452	451	457
YPL122C	TFB2	513	1	152	152	158
YPL127C	HHO1	258	1	111	110	114
YPL131W	RPL5	297	4	77	75	82
YPL131W	RPL5	297	4	100	96	102
YPL131W	RPL5	297	4	142	137	143
YPL131W	RPL5	297	4	169	168	174
YPL135W	ISU1	165	1	137	129	138
YPL143W	RPL33A	107	1	97	87	98
YPL145C	KES1	434	2	211	207	213
YPL145C	KES1	434	2	296	294	300
YPL158C	AIM44	758	2	315	314	319
YPL158C	AIM44	758	2	433	430	434
YPL159C	PET20	253	1	64	61	66
YPL160W	CDC60	1090	4	211	210	215
YPL160W	CDC60	1090	4	225	222	229
YPL160W	CDC60	1090	4	421	420	427
YPL160W	CDC60	1090	4	1028	1025	1031
YPL163C	SVS1	260	3	74	68	76
YPL163C	SVS1	260	3	93	89	95
YPL163C	SVS1	260	3	106	103	110
YPL170W	DAP1	152	1	151	147	153
YPL177C	CUP9	306	1	192	185	192
YPL183C	RTT10	1013	1	967	965	971
YPL190C	NAB3	802	1	762	757	770
YPL198W	RPL7B	244	2	140	138	142
YPL198W	RPL7B	244	2	241	240	244
YPL203W	TPK2	380	1	58	56	60
YPL210C	SRP72	640	1	585	582	587
YPL211W	NIP7	181	1	147	143	147
YPL212C	PUS1	544	1	377	371	381
YPL215W	CBP3	335	1	150	149	156
YPL218W	SAR1	190	1	101	99	105
YPL226W	NEW1	1196	3	431	429	433
YPL226W	NEW1	1196	3	798	795	800
YPL226W	NEW1	1196	3	1123	1122	1129
YPL228W	CET1	549	1	439	437	441
YPL231W	FAS2	1887	11	95	91	97
YPL231W	FAS2	1887	11	116	112	117
YPL231W	FAS2	1887	11	124	123	131
YPL231W	FAS2	1887	11	293	288	294
YPL231W	FAS2	1887	11	1369	1365	1373
YPL231W	FAS2	1887	11	1795	1790	1798
YPL231W	FAS2	1887	11	1812	1810	1815
YPL231W	FAS2	1887	11	1830	1828	1834
YPL231W	FAS2	1887	11	1851	1845	1852
YPL231W	FAS2	1887	11	1863	1860	1867
YPL231W	FAS2	1887	11	1881	1873	1885
YPL232W	SSO1	290	1	155	153	159
YPL240C	HSP82	709	1	549	549	553
YPL243W	SRP68	599	1	173	171	176
YPL249C-A	RPL36B	100	1	99	93	100
YPL252C	YAH1	172	1	117	114	124
YPL256C	CLN2	545	1	397	394	403
YPL260W		551	1	80	75	82
YPL262W	FUM1	488	1	173	167	173
YPL265W	DIP5	608	1	185	180	185
YPL266W	DIM1	318	1	146	145	150
YPL270W	MDL2	773	1	82	77	83
YPR004C	AIM45	344	1	97	96	100
YPR010C	RPA135	1203	6	580	579	585
YPR010C	RPA135	1203	6	634	630	635
YPR010C	RPA135	1203	6	655	652	656
YPR010C	RPA135	1203	6	857	856	860
YPR010C	RPA135	1203	6	877	875	879
YPR010C	RPA135	1203	6	956	950	960
YPR011C		326	1	226	225	231
YPR016C	TIF6	245	1	228	226	232
YPR019W	MCM4	933	1	701	693	701
YPR024W	YME1	747	2	87	82	87
YPR024W	YME1	747	2	147	144	148
YPR029C	APL4	832	1	367	366	371
YPR035W	GLN1	370	2	83	80	84
YPR035W	GLN1	370	2	321	319	323
YPR036W	VMA13	478	2	215	211	217
YPR036W	VMA13	478	2	227	225	233
YPR041W	TIF5	405	2	148	142	149
YPR041W	TIF5	405	2	156	156	161
YPR043W	RPL43A	92	1	79	72	82
YPR060C	ARO7	256	1	86	83	88
YPR063C		140	2	65	63	68
YPR063C		140	2	84	82	86
YPR065W	ROX1	368	2	271	268	272
YPR065W	ROX1	368	2	293	291	295
YPR069C	SPE3	293	1	283	280	287
YPR074C	TKL1	680	5	174	171	175
YPR074C	TKL1	680	5	263	262	269
YPR074C	TKL1	680	5	351	348	360
YPR074C	TKL1	680	5	452	450	456
YPR074C	TKL1	680	5	507	501	507
YPR091C		770	1	165	165	169
YPR097W		1073	2	279	279	283
YPR097W		1073	2	352	349	355
YPR098C		161	1	67	62	67
YPR102C	RPL11A	174	1	145	145	151
YPR103W	PRE2	287	1	188	183	189
YPR110C	RPC40	335	3	83	75	83
YPR110C	RPC40	335	3	160	160	165
YPR110C	RPC40	335	3	249	248	254
YPR112C	MRD1	887	1	102	100	105
YPR114W		315	1	166	166	171
YPR125W	YLH47	454	1	144	142	146
YPR129W	SCD6	349	2	95	90	99
YPR129W	SCD6	349	2	106	103	108
YPR137W	RRP9	573	1	349	344	350
YPR145W	ASN1	572	4	180	174	182
YPR145W	ASN1	572	4	189	188	193
YPR145W	ASN1	572	4	489	485	492
YPR145W	ASN1	572	4	540	537	542
YPR148C		435	1	332	329	334
YPR154W	PIN3	215	1	135	135	140
YPR159W	KRE6	720	2	174	171	177
YPR159W	KRE6	720	2	225	224	228
YPR163C	TIF3	436	1	96	95	99
YPR169W	JIP5	492	1	192	189	193
YPR170W-B		85	1	62	59	63
YPR171W	BSP1	576	1	312	308	314
YPR172W		200	1	80	78	84
YPR180W	AOS1	347	1	252	245	252
YPR181C	SEC23	768	6	106	104	108
YPR181C	SEC23	768	6	119	110	124
YPR181C	SEC23	768	6	225	219	227
YPR181C	SEC23	768	6	298	295	299
YPR181C	SEC23	768	6	377	374	378
YPR181C	SEC23	768	6	515	512	518
YPR183W	DPM1	267	4	78	75	81
YPR183W	DPM1	267	4	103	101	106
YPR183W	DPM1	267	4	153	150	157
YPR183W	DPM1	267	4	190	186	190
YPR190C	RPC82	654	1	370	369	373
YPR191W	QCR2	368	5	101	99	103
YPR191W	QCR2	368	5	124	121	129
YPR191W	QCR2	368	5	248	245	251
YPR191W	QCR2	368	5	263	260	266
YPR191W	QCR2	368	5	282	280	284
